5.0000E-1	-4.3484E-1	6.0181E-6	1.2615E+0	-4.1188E-4
1.0517E+1	-4.4328E-1	6.0176E-6	1.2571E+0	-4.4122E-4
2.0534E+1	-4.5016E-1	6.0199E-6	1.2576E+0	-4.4283E-4
3.0551E+1	-4.5572E-1	6.0132E-6	1.2598E+0	-4.0090E-4
4.0568E+1	-4.6055E-1	6.0267E-6	1.2568E+0	-3.9847E-4
5.0584E+1	-4.6511E-1	6.0311E-6	1.2569E+0	-4.0686E-4
6.0601E+1	-4.6960E-1	6.0242E-6	1.2595E+0	-4.2681E-4
7.0618E+1	-4.7422E-1	6.0154E-6	1.2589E+0	-3.8866E-4
8.0635E+1	-4.7820E-1	6.0144E-6	1.2586E+0	-4.0064E-4
9.0652E+1	-4.8183E-1	6.0146E-6	1.2571E+0	-3.8240E-4
1.0067E+2	-4.8488E-1	6.0134E-6	1.2631E+0	-4.1039E-4
1.1069E+2	-4.8743E-1	6.0158E-6	1.2603E+0	-4.0407E-4
1.2070E+2	-4.8955E-1	6.0136E-6	1.2634E+0	-3.8867E-4
1.3072E+2	-4.9169E-1	6.0245E-6	1.2604E+0	-4.0917E-4
1.4074E+2	-4.9365E-1	6.0243E-6	1.2614E+0	-4.1172E-4
1.5075E+2	-4.9574E-1	6.0202E-6	1.2612E+0	-4.1477E-4
1.6077E+2	-4.9784E-1	6.0269E-6	1.2629E+0	-3.9944E-4
1.7079E+2	-5.0011E-1	6.0318E-6	1.2603E+0	-3.9687E-4
1.8080E+2	-5.0247E-1	6.0348E-6	1.2596E+0	-3.9009E-4
1.9082E+2	-5.0482E-1	6.0320E-6	1.2608E+0	-4.2173E-4
2.0084E+2	-5.0719E-1	6.0287E-6	1.2593E+0	-4.0639E-4
2.1085E+2	-5.0959E-1	6.0336E-6	1.2610E+0	-3.8600E-4
2.2087E+2	-5.1198E-1	6.0377E-6	1.2604E+0	-3.9340E-4
2.3089E+2	-5.1434E-1	6.0303E-6	1.2636E+0	-4.1554E-4
2.4091E+2	-5.1664E-1	6.0383E-6	1.2607E+0	-3.8445E-4
2.5092E+2	-5.1886E-1	6.0368E-6	1.2624E+0	-4.0636E-4
2.6094E+2	-5.2093E-1	6.0363E-6	1.2641E+0	-4.1380E-4
2.7096E+2	-5.2285E-1	6.0411E-6	1.2625E+0	-4.1414E-4
2.8097E+2	-5.2463E-1	6.0365E-6	1.2632E+0	-4.0975E-4
2.9099E+2	-5.2636E-1	6.0285E-6	1.2645E+0	-4.0686E-4
3.0101E+2	-5.2800E-1	6.0331E-6	1.2621E+0	-3.8781E-4
3.1102E+2	-5.2957E-1	6.0367E-6	1.2643E+0	-4.1350E-4
3.2104E+2	-5.3103E-1	6.0394E-6	1.2660E+0	-4.3790E-4
3.3106E+2	-5.3239E-1	6.0395E-6	1.2625E+0	-4.3380E-4
3.4107E+2	-5.3358E-1	6.0430E-6	1.2654E+0	-4.1522E-4
3.5109E+2	-5.3463E-1	6.0439E-6	1.2665E+0	-4.2518E-4
3.6111E+2	-5.3551E-1	6.0390E-6	1.2646E+0	-4.1164E-4
3.7112E+2	-5.3634E-1	6.0524E-6	1.2655E+0	-4.1438E-4
3.8114E+2	-5.3731E-1	6.0448E-6	1.2667E+0	-4.0868E-4
3.9116E+2	-5.3827E-1	6.0414E-6	1.2670E+0	-4.1610E-4
4.0118E+2	-5.3913E-1	6.0534E-6	1.2640E+0	-3.9693E-4
4.1119E+2	-5.3989E-1	6.0443E-6	1.2678E+0	-4.4342E-4
4.2121E+2	-5.4047E-1	6.0435E-6	1.2648E+0	-4.1346E-4
4.3123E+2	-5.4105E-1	6.0503E-6	1.2666E+0	-4.0909E-4
4.4124E+2	-5.4164E-1	6.0475E-6	1.2652E+0	-4.1911E-4
4.5126E+2	-5.4224E-1	6.0502E-6	1.2658E+0	-4.3637E-4
4.6128E+2	-5.4286E-1	6.0468E-6	1.2634E+0	-3.9929E-4
4.7129E+2	-5.4348E-1	6.0434E-6	1.2669E+0	-4.1124E-4
4.8131E+2	-5.4411E-1	6.0441E-6	1.2674E+0	-4.1697E-4
4.9133E+2	-5.4470E-1	6.0434E-6	1.2676E+0	-4.2291E-4
5.0134E+2	-5.4531E-1	6.0513E-6	1.2645E+0	-4.1691E-4
5.1136E+2	-5.4596E-1	6.0509E-6	1.2695E+0	-4.0369E-4
5.2138E+2	-5.4658E-1	6.0508E-6	1.2664E+0	-4.1437E-4
5.3139E+2	-5.4715E-1	6.0489E-6	1.2671E+0	-4.2386E-4
5.4141E+2	-5.4774E-1	6.0473E-6	1.2676E+0	-4.3921E-4
5.5143E+2	-5.4835E-1	6.0417E-6	1.2671E+0	-4.2581E-4
5.6145E+2	-5.4895E-1	6.0498E-6	1.2642E+0	-4.3839E-4
5.7146E+2	-5.4955E-1	6.0545E-6	1.2666E+0	-4.6780E-4
5.8148E+2	-5.5015E-1	6.0522E-6	1.2640E+0	-4.3114E-4
5.9150E+2	-5.5072E-1	6.0585E-6	1.2625E+0	-4.2382E-4
6.0151E+2	-5.5051E-1	6.0556E-6	1.2642E+0	-4.4035E-4
6.1153E+2	-4.3629E-1	6.0520E-6	1.2673E+0	-4.3273E-4
6.2155E+2	-3.9200E-1	6.0652E-6	1.2631E+0	-4.3079E-4
6.3156E+2	-3.7742E-1	6.0594E-6	1.2642E+0	-4.2108E-4
6.4158E+2	-3.6848E-1	6.0579E-6	1.2669E+0	-4.4881E-4
6.5160E+2	-3.6062E-1	6.0591E-6	1.2677E+0	-3.8904E-4
6.6161E+2	-3.5460E-1	6.0515E-6	1.2668E+0	-4.0043E-4
6.7163E+2	-3.5590E-1	6.0515E-6	1.2673E+0	-4.5290E-4
6.8165E+2	-3.5515E-1	6.0566E-6	1.2669E+0	-4.7802E-4
6.9166E+2	-3.5421E-1	6.0643E-6	1.2636E+0	-4.5906E-4
7.0168E+2	-3.5319E-1	6.0467E-6	1.2663E+0	-4.3495E-4
7.1170E+2	-3.5188E-1	6.0595E-6	1.2667E+0	-4.4241E-4
7.2172E+2	-3.5056E-1	6.0614E-6	1.2692E+0	-4.3948E-4
7.3173E+2	-3.4923E-1	6.0642E-6	1.2672E+0	-4.0831E-4
7.4175E+2	-3.4802E-1	6.0652E-6	1.2662E+0	-4.0469E-4
7.5177E+2	-3.4674E-1	6.0636E-6	1.2634E+0	-4.2607E-4
7.6178E+2	-3.4545E-1	6.0599E-6	1.2666E+0	-4.4041E-4
7.7180E+2	-3.4412E-1	6.0597E-6	1.2700E+0	-4.1580E-4
7.8182E+2	-3.4287E-1	6.0506E-6	1.2693E+0	-4.1490E-4
7.9183E+2	-3.4164E-1	6.0639E-6	1.2658E+0	-4.1230E-4
8.0185E+2	-3.4051E-1	6.0611E-6	1.2659E+0	-4.3925E-4
8.1187E+2	-3.3933E-1	6.0646E-6	1.2658E+0	-4.5225E-4
8.2188E+2	-3.3836E-1	6.0670E-6	1.2683E+0	-4.3526E-4
8.3190E+2	-3.3735E-1	6.0555E-6	1.2638E+0	-4.1987E-4
8.4192E+2	-3.3625E-1	6.0686E-6	1.2660E+0	-4.1754E-4
8.5194E+2	-3.3518E-1	6.0667E-6	1.2673E+0	-4.4061E-4
8.6195E+2	-3.3417E-1	6.0702E-6	1.2692E+0	-4.0665E-4
8.7197E+2	-3.3325E-1	6.0702E-6	1.2655E+0	-4.1014E-4
8.8199E+2	-3.3228E-1	6.0625E-6	1.2662E+0	-4.4348E-4
8.9200E+2	-3.3129E-1	6.0706E-6	1.2690E+0	-4.3954E-4
9.0202E+2	-3.3033E-1	6.0771E-6	1.2657E+0	-4.4118E-4
9.1204E+2	-3.2944E-1	6.0784E-6	1.2678E+0	-4.3068E-4
9.2205E+2	-3.2855E-1	6.0792E-6	1.2706E+0	-4.2727E-4
9.3207E+2	-3.2774E-1	6.0813E-6	1.2695E+0	-4.1739E-4
9.4209E+2	-3.2691E-1	6.0736E-6	1.2666E+0	-4.1394E-4
9.5210E+2	-3.2602E-1	6.0808E-6	1.2672E+0	-4.1798E-4
9.6212E+2	-3.2512E-1	6.0810E-6	1.2675E+0	-4.0281E-4
9.7214E+2	-3.2429E-1	6.0712E-6	1.2706E+0	-4.3906E-4
9.8215E+2	-3.2358E-1	6.0728E-6	1.2705E+0	-4.2033E-4
9.9217E+2	-3.2272E-1	6.0621E-6	1.2710E+0	-4.3249E-4
1.0022E+3	-3.2181E-1	6.0729E-6	1.2726E+0	-4.3332E-4
1.0122E+3	-3.2093E-1	6.0705E-6	1.2728E+0	-4.2760E-4
1.0222E+3	-3.2006E-1	6.0729E-6	1.2717E+0	-4.6880E-4
1.0322E+3	-3.1920E-1	6.0762E-6	1.2715E+0	-4.2721E-4
1.0423E+3	-3.1834E-1	6.0791E-6	1.2734E+0	-4.1223E-4
1.0523E+3	-3.1762E-1	6.0750E-6	1.2718E+0	-4.2586E-4
1.0623E+3	-3.1678E-1	6.0796E-6	1.2718E+0	-4.0603E-4
1.0723E+3	-3.1591E-1	6.0833E-6	1.2695E+0	-4.0599E-4
1.0823E+3	-3.1507E-1	6.0805E-6	1.2664E+0	-4.1321E-4
1.0923E+3	-3.1424E-1	6.0825E-6	1.2691E+0	-4.3332E-4
1.1024E+3	-3.1346E-1	6.0831E-6	1.2715E+0	-4.3341E-4
1.1124E+3	-3.1267E-1	6.0866E-6	1.2688E+0	-4.2850E-4
1.1224E+3	-3.1191E-1	6.0830E-6	1.2687E+0	-4.3614E-4
1.1324E+3	-3.1122E-1	6.0853E-6	1.2684E+0	-4.1596E-4
1.1424E+3	-3.1052E-1	6.0859E-6	1.2701E+0	-4.3489E-4
1.1524E+3	-3.0973E-1	6.0790E-6	1.2734E+0	-4.2068E-4
1.1625E+3	-3.0895E-1	6.0861E-6	1.2693E+0	-4.0547E-4
1.1725E+3	-3.0816E-1	6.0754E-6	1.2690E+0	-4.2489E-4
1.1825E+3	-3.0740E-1	6.0730E-6	1.2686E+0	-4.3691E-4
1.1925E+3	-3.0668E-1	6.0791E-6	1.2676E+0	-4.4553E-4
1.2025E+3	-3.0593E-1	6.0719E-6	1.2694E+0	-4.6848E-4
1.2125E+3	-3.0518E-1	6.0812E-6	1.2689E+0	-4.2654E-4
1.2226E+3	-3.0442E-1	6.0688E-6	1.2629E+0	-4.3028E-4
1.2326E+3	-3.0362E-1	6.0678E-6	1.2657E+0	-4.0944E-4
1.2426E+3	-3.0287E-1	6.0740E-6	1.2681E+0	-4.2664E-4
1.2526E+3	-3.0206E-1	6.0747E-6	1.2685E+0	-4.3655E-4
1.2626E+3	-3.0128E-1	6.0787E-6	1.2678E+0	-4.6018E-4
1.2726E+3	-3.0048E-1	6.0766E-6	1.2675E+0	-4.3077E-4
1.2827E+3	-2.9970E-1	6.0845E-6	1.2646E+0	-4.4251E-4
1.2927E+3	-2.9910E-1	6.0813E-6	1.2640E+0	-4.0721E-4
1.3027E+3	-2.9845E-1	6.0867E-6	1.2651E+0	-3.9605E-4
1.3127E+3	-2.9774E-1	6.0816E-6	1.2648E+0	-3.8816E-4
1.3227E+3	-2.9699E-1	6.0842E-6	1.2670E+0	-4.1212E-4
1.3327E+3	-2.9624E-1	6.0848E-6	1.2679E+0	-4.0666E-4
1.3428E+3	-2.9555E-1	6.0752E-6	1.2633E+0	-4.1788E-4
1.3528E+3	-2.9511E-1	6.0787E-6	1.2669E+0	-4.0647E-4
1.3628E+3	-2.9453E-1	6.0755E-6	1.2695E+0	-4.3619E-4
1.3728E+3	-2.9394E-1	6.0729E-6	1.2703E+0	-4.2257E-4
1.3828E+3	-2.9328E-1	6.0840E-6	1.2665E+0	-3.8408E-4
1.3928E+3	-2.9258E-1	6.0860E-6	1.2692E+0	-4.1617E-4
1.4029E+3	-2.9187E-1	6.0792E-6	1.2690E+0	-4.0528E-4
1.4129E+3	-2.9109E-1	6.0858E-6	1.2655E+0	-4.1057E-4
1.4229E+3	-2.9044E-1	6.0864E-6	1.2663E+0	-4.2348E-4
1.4329E+3	-2.8974E-1	6.0836E-6	1.2647E+0	-4.1354E-4
1.4429E+3	-2.8915E-1	6.0805E-6	1.2628E+0	-4.0050E-4
1.4529E+3	-2.8848E-1	6.0854E-6	1.2664E+0	-4.3504E-4
1.4630E+3	-2.8790E-1	6.0775E-6	1.2639E+0	-4.4267E-4
1.4730E+3	-2.8728E-1	6.0731E-6	1.2629E+0	-4.2499E-4
1.4830E+3	-2.8663E-1	6.0732E-6	1.2633E+0	-4.0500E-4
1.4930E+3	-2.8602E-1	6.0734E-6	1.2634E+0	-4.4234E-4
1.5030E+3	-2.8538E-1	6.0833E-6	1.2654E+0	-4.0077E-4
1.5130E+3	-2.8467E-1	6.0784E-6	1.2648E+0	-4.3197E-4
1.5231E+3	-2.8405E-1	6.0786E-6	1.2668E+0	-4.1389E-4
1.5331E+3	-2.8343E-1	6.0741E-6	1.2691E+0	-4.1681E-4
1.5431E+3	-2.8274E-1	6.0810E-6	1.2647E+0	-4.1757E-4
1.5531E+3	-2.8207E-1	6.0834E-6	1.2633E+0	-4.0380E-4
1.5631E+3	-2.8140E-1	6.0808E-6	1.2645E+0	-4.2532E-4
1.5732E+3	-2.8084E-1	6.0785E-6	1.2646E+0	-3.9764E-4
1.5832E+3	-2.8021E-1	6.0757E-6	1.2636E+0	-3.7955E-4
1.5932E+3	-2.7957E-1	6.0770E-6	1.2665E+0	-4.0405E-4
1.6032E+3	-2.7893E-1	6.0781E-6	1.2652E+0	-3.8451E-4
1.6132E+3	-2.7838E-1	6.0749E-6	1.2671E+0	-3.8180E-4
1.6232E+3	-2.7781E-1	6.0749E-6	1.2638E+0	-4.2392E-4
1.6333E+3	-2.7721E-1	6.0762E-6	1.2671E+0	-4.0545E-4
1.6433E+3	-2.7655E-1	6.0734E-6	1.2629E+0	-4.5289E-4
1.6533E+3	-2.7590E-1	6.0803E-6	1.2622E+0	-4.1584E-4
1.6633E+3	-2.7527E-1	6.0773E-6	1.2633E+0	-3.7547E-4
1.6733E+3	-2.7472E-1	6.0688E-6	1.2653E+0	-4.1815E-4
1.6833E+3	-2.7404E-1	6.0733E-6	1.2630E+0	-4.3380E-4
1.6934E+3	-2.7344E-1	6.0777E-6	1.2644E+0	-4.3921E-4
1.7034E+3	-2.7273E-1	6.0773E-6	1.2671E+0	-4.1248E-4
1.7134E+3	-2.7216E-1	6.0713E-6	1.2637E+0	-4.1655E-4
1.7234E+3	-2.7160E-1	6.0758E-6	1.2652E+0	-4.4124E-4
1.7334E+3	-2.7110E-1	6.0728E-6	1.2643E+0	-4.0055E-4
1.7434E+3	-2.7050E-1	6.0711E-6	1.2649E+0	-4.2530E-4
1.7535E+3	-2.6978E-1	6.0682E-6	1.2656E+0	-4.1673E-4
1.7635E+3	-2.6929E-1	6.0695E-6	1.2650E+0	-4.1821E-4
1.7735E+3	-2.6903E-1	6.0669E-6	1.2648E+0	-3.8630E-4
1.7835E+3	-2.6882E-1	6.0631E-6	1.2668E+0	-4.1806E-4
1.7935E+3	-2.6844E-1	6.0652E-6	1.2629E+0	-3.8344E-4
1.8035E+3	-2.6812E-1	6.0636E-6	1.2639E+0	-4.0053E-4
1.8136E+3	-2.6789E-1	6.0676E-6	1.2642E+0	-3.8285E-4
1.8236E+3	-2.6749E-1	6.0646E-6	1.2636E+0	-3.7982E-4
1.8336E+3	-2.6704E-1	6.0595E-6	1.2643E+0	-4.1672E-4
1.8436E+3	-2.6644E-1	6.0687E-6	1.2628E+0	-3.8612E-4
1.8536E+3	-2.6593E-1	6.0673E-6	1.2623E+0	-3.8619E-4
1.8636E+3	-2.6538E-1	6.0661E-6	1.2653E+0	-4.1985E-4
1.8737E+3	-2.6479E-1	6.0603E-6	1.2667E+0	-3.9261E-4
1.8837E+3	-2.6428E-1	6.0631E-6	1.2635E+0	-4.0364E-4
1.8937E+3	-2.6369E-1	6.0609E-6	1.2605E+0	-3.9738E-4
1.9037E+3	-2.6308E-1	6.0707E-6	1.2633E+0	-3.6574E-4
1.9137E+3	-2.6258E-1	6.0593E-6	1.2638E+0	-3.7942E-4
1.9237E+3	-2.6222E-1	6.0582E-6	1.2632E+0	-3.8234E-4
1.9338E+3	-2.6169E-1	6.0621E-6	1.2629E+0	-3.9009E-4
1.9438E+3	-2.6122E-1	6.0592E-6	1.2665E+0	-4.3356E-4
1.9538E+3	-2.6086E-1	6.0649E-6	1.2625E+0	-4.2363E-4
1.9638E+3	-2.6031E-1	6.0679E-6	1.2620E+0	-4.0932E-4
1.9738E+3	-2.5986E-1	6.0701E-6	1.2646E+0	-4.0503E-4
1.9838E+3	-2.5936E-1	6.0700E-6	1.2642E+0	-3.9495E-4
1.9939E+3	-2.5875E-1	6.0710E-6	1.2619E+0	-3.7706E-4
2.0039E+3	-2.5822E-1	6.0712E-6	1.2626E+0	-3.6846E-4
2.0139E+3	-2.5782E-1	6.0718E-6	1.2633E+0	-3.9229E-4
2.0239E+3	-2.5734E-1	6.0700E-6	1.2608E+0	-3.9231E-4
2.0339E+3	-2.5688E-1	6.0587E-6	1.2611E+0	-4.0467E-4
2.0439E+3	-2.5643E-1	6.0570E-6	1.2621E+0	-3.7367E-4
2.0540E+3	-2.5621E-1	6.0570E-6	1.2629E+0	-4.0663E-4
2.0640E+3	-2.5577E-1	6.0568E-6	1.2660E+0	-4.2066E-4
2.0740E+3	-2.5524E-1	6.0627E-6	1.2646E+0	-4.2610E-4
2.0840E+3	-2.5468E-1	6.0602E-6	1.2641E+0	-4.3764E-4
2.0940E+3	-2.5418E-1	6.0672E-6	1.2620E+0	-4.1732E-4
2.1040E+3	-2.5372E-1	6.0675E-6	1.2634E+0	-4.0401E-4
2.1141E+3	-2.5353E-1	6.0661E-6	1.2652E+0	-4.0161E-4
2.1241E+3	-2.5313E-1	6.0714E-6	1.2634E+0	-4.3656E-4
2.1341E+3	-2.5263E-1	6.0614E-6	1.2627E+0	-3.8926E-4
2.1441E+3	-2.5212E-1	6.0697E-6	1.2649E+0	-4.2771E-4
2.1541E+3	-2.5171E-1	6.0674E-6	1.2650E+0	-4.1192E-4
2.1641E+3	-2.5141E-1	6.0600E-6	1.2656E+0	-4.1039E-4
2.1742E+3	-2.5095E-1	6.0637E-6	1.2633E+0	-4.2107E-4
2.1842E+3	-2.5050E-1	6.0603E-6	1.2651E+0	-3.9385E-4
2.1942E+3	-2.5011E-1	6.0554E-6	1.2643E+0	-4.2731E-4
2.2042E+3	-2.4957E-1	6.0665E-6	1.2639E+0	-3.9707E-4
2.2142E+3	-2.4900E-1	6.0570E-6	1.2625E+0	-4.2039E-4
2.2242E+3	-2.4849E-1	6.0588E-6	1.2646E+0	-4.1784E-4
2.2343E+3	-2.4836E-1	6.0571E-6	1.2641E+0	-4.4489E-4
2.2443E+3	-2.4793E-1	6.0629E-6	1.2650E+0	-4.3170E-4
2.2543E+3	-2.4749E-1	6.0542E-6	1.2660E+0	-4.1019E-4
2.2643E+3	-2.4723E-1	6.0622E-6	1.2634E+0	-4.3345E-4
2.2743E+3	-2.4674E-1	6.0586E-6	1.2662E+0	-4.2883E-4
2.2843E+3	-2.4625E-1	6.0627E-6	1.2665E+0	-4.0505E-4
2.2944E+3	-2.4570E-1	6.0658E-6	1.2658E+0	-4.4797E-4
2.3044E+3	-2.4517E-1	6.0619E-6	1.2677E+0	-4.8792E-4
2.3144E+3	-2.4463E-1	6.0642E-6	1.2682E+0	-4.1600E-4
2.3244E+3	-2.4423E-1	6.0701E-6	1.2680E+0	-4.0920E-4
2.3344E+3	-2.4359E-1	6.0691E-6	1.2673E+0	-4.1278E-4
2.3445E+3	-2.4309E-1	6.0670E-6	1.2681E+0	-4.2172E-4
2.3545E+3	-2.4257E-1	6.0731E-6	1.2667E+0	-4.2476E-4
2.3645E+3	-2.4202E-1	6.0716E-6	1.2648E+0	-4.3207E-4
2.3745E+3	-2.4160E-1	6.0738E-6	1.2662E+0	-4.4039E-4
2.3845E+3	-2.4125E-1	6.0799E-6	1.2674E+0	-4.2604E-4
2.3945E+3	-2.4099E-1	6.0782E-6	1.2650E+0	-4.3741E-4
2.4046E+3	-2.4073E-1	6.0844E-6	1.2670E+0	-4.5803E-4
2.4146E+3	-2.4040E-1	6.0789E-6	1.2660E+0	-4.6258E-4
2.4246E+3	-2.4010E-1	6.0888E-6	1.2639E+0	-4.4056E-4
2.4346E+3	-2.3955E-1	6.0754E-6	1.2648E+0	-4.3610E-4
2.4446E+3	-2.3950E-1	6.0694E-6	1.2662E+0	-4.2544E-4
2.4546E+3	-2.3911E-1	6.0779E-6	1.2665E+0	-4.1931E-4
2.4647E+3	-2.3873E-1	6.0738E-6	1.2656E+0	-4.4291E-4
2.4747E+3	-2.3836E-1	6.0777E-6	1.2641E+0	-4.2952E-4
2.4847E+3	-2.3786E-1	6.0778E-6	1.2657E+0	-4.2485E-4
2.4947E+3	-2.3752E-1	6.0780E-6	1.2675E+0	-4.0553E-4
2.5047E+3	-2.3699E-1	6.0729E-6	1.2681E+0	-4.1156E-4
2.5147E+3	-2.3667E-1	6.0732E-6	1.2682E+0	-3.8483E-4
2.5248E+3	-2.3616E-1	6.0747E-6	1.2665E+0	-3.7555E-4
2.5348E+3	-2.3562E-1	6.0735E-6	1.2695E+0	-3.7035E-4
2.5448E+3	-2.3502E-1	6.0752E-6	1.2705E+0	-4.1243E-4
2.5548E+3	-2.3440E-1	6.0722E-6	1.2709E+0	-4.1695E-4
2.5648E+3	-2.3406E-1	6.0703E-6	1.2691E+0	-4.1718E-4
2.5748E+3	-2.3365E-1	6.0695E-6	1.2693E+0	-4.3882E-4
2.5849E+3	-2.3357E-1	6.0739E-6	1.2677E+0	-4.3092E-4
2.5949E+3	-2.3324E-1	6.0734E-6	1.2686E+0	-4.0407E-4
2.6049E+3	-2.3288E-1	6.0794E-6	1.2688E+0	-4.2493E-4
2.6149E+3	-2.3246E-1	6.0879E-6	1.2694E+0	-4.3997E-4
2.6249E+3	-2.3185E-1	6.0857E-6	1.2708E+0	-4.3293E-4
2.6349E+3	-2.3166E-1	6.0862E-6	1.2704E+0	-4.0710E-4
2.6450E+3	-2.3165E-1	6.0921E-6	1.2676E+0	-4.3696E-4
2.6550E+3	-2.3145E-1	6.0958E-6	1.2688E+0	-4.3719E-4
2.6650E+3	-2.3129E-1	6.0935E-6	1.2683E+0	-3.9309E-4
2.6750E+3	-2.3122E-1	6.0829E-6	1.2668E+0	-4.2737E-4
2.6850E+3	-2.3101E-1	6.0829E-6	1.2697E+0	-4.0222E-4
2.6950E+3	-2.3107E-1	6.0888E-6	1.2696E+0	-4.3871E-4
2.7051E+3	-2.3041E-1	6.0909E-6	1.2693E+0	-4.1885E-4
2.7151E+3	-2.2992E-1	6.0907E-6	1.2678E+0	-4.4432E-4
2.7251E+3	-2.2952E-1	6.0894E-6	1.2667E+0	-4.5669E-4
2.7351E+3	-2.2926E-1	6.0931E-6	1.2697E+0	-4.3044E-4
2.7451E+3	-2.2918E-1	6.0870E-6	1.2673E+0	-4.5603E-4
2.7551E+3	-2.2912E-1	6.0845E-6	1.2683E+0	-4.6252E-4
2.7652E+3	-2.2911E-1	6.0886E-6	1.2723E+0	-4.6581E-4
2.7752E+3	-2.2855E-1	6.0950E-6	1.2694E+0	-4.4938E-4
2.7852E+3	-2.2812E-1	6.0983E-6	1.2699E+0	-4.7092E-4
2.7952E+3	-2.2801E-1	6.0905E-6	1.2716E+0	-4.5474E-4
2.8052E+3	-2.2773E-1	6.0990E-6	1.2719E+0	-4.7665E-4
2.8152E+3	-2.2726E-1	6.0953E-6	1.2687E+0	-4.5925E-4
2.8253E+3	-2.2693E-1	6.0926E-6	1.2710E+0	-4.7665E-4
2.8353E+3	-2.2644E-1	6.0994E-6	1.2726E+0	-4.6557E-4
2.8453E+3	-2.2613E-1	6.0962E-6	1.2733E+0	-4.5633E-4
2.8553E+3	-2.2640E-1	6.0909E-6	1.2730E+0	-4.6879E-4
2.8653E+3	-2.2578E-1	6.0908E-6	1.2697E+0	-4.3369E-4
2.8753E+3	-2.2523E-1	6.0892E-6	1.2691E+0	-4.6661E-4
2.8854E+3	-2.2490E-1	6.0929E-6	1.2731E+0	-4.6448E-4
2.8954E+3	-2.2463E-1	6.1036E-6	1.2754E+0	-4.4158E-4
2.9054E+3	-2.2448E-1	6.1028E-6	1.2729E+0	-4.8156E-4
2.9154E+3	-2.2422E-1	6.0926E-6	1.2733E+0	-4.6744E-4
2.9254E+3	-2.2389E-1	6.1038E-6	1.2721E+0	-5.0085E-4
2.9354E+3	-2.2371E-1	6.1039E-6	1.2768E+0	-4.8898E-4
2.9455E+3	-2.2303E-1	6.1000E-6	1.2785E+0	-4.6613E-4
2.9555E+3	-2.2269E-1	6.0988E-6	1.2730E+0	-4.6195E-4
2.9655E+3	-2.2235E-1	6.1072E-6	1.2709E+0	-4.0582E-4
2.9755E+3	-2.2208E-1	6.1140E-6	1.2749E+0	-4.5928E-4
2.9855E+3	-2.2178E-1	6.1099E-6	1.2707E+0	-4.7707E-4
2.9955E+3	-2.2166E-1	6.1094E-6	1.2708E+0	-4.6459E-4
3.0056E+3	-2.2129E-1	6.1094E-6	1.2713E+0	-4.6750E-4
3.0156E+3	-2.2105E-1	6.1074E-6	1.2712E+0	-4.7165E-4
3.0256E+3	-2.2067E-1	6.1051E-6	1.2704E+0	-4.6318E-4
3.0356E+3	-2.2036E-1	6.0961E-6	1.2708E+0	-4.8686E-4
3.0456E+3	-2.1986E-1	6.1030E-6	1.2735E+0	-4.3715E-4
3.0556E+3	-2.1971E-1	6.1128E-6	1.2692E+0	-4.5020E-4
3.0657E+3	-2.1896E-1	6.1078E-6	1.2697E+0	-4.8713E-4
3.0757E+3	-2.1838E-1	6.1158E-6	1.2740E+0	-4.7198E-4
3.0857E+3	-2.1798E-1	6.1187E-6	1.2714E+0	-4.6163E-4
3.0957E+3	-2.1739E-1	6.1173E-6	1.2707E+0	-4.6874E-4
3.1057E+3	-2.1695E-1	6.1054E-6	1.2710E+0	-4.6437E-4
3.1158E+3	-2.1665E-1	6.1102E-6	1.2719E+0	-4.5612E-4
3.1258E+3	-2.1590E-1	6.1125E-6	1.2717E+0	-4.6454E-4
3.1358E+3	-2.1529E-1	6.1036E-6	1.2708E+0	-4.9143E-4
3.1458E+3	-2.1486E-1	6.1010E-6	1.2718E+0	-4.7030E-4
3.1558E+3	-2.1438E-1	6.0918E-6	1.2725E+0	-4.9577E-4
3.1658E+3	-2.1392E-1	6.1070E-6	1.2700E+0	-5.2534E-4
3.1759E+3	-2.1394E-1	6.1090E-6	1.2717E+0	-5.2003E-4
3.1859E+3	-2.1344E-1	6.1076E-6	1.2729E+0	-5.0084E-4
3.1959E+3	-2.1284E-1	6.1060E-6	1.2729E+0	-5.0177E-4
3.2059E+3	-2.1236E-1	6.1248E-6	1.2713E+0	-5.0690E-4
3.2159E+3	-2.1193E-1	6.1172E-6	1.2711E+0	-4.9075E-4
3.2259E+3	-2.1143E-1	6.1128E-6	1.2725E+0	-4.9036E-4
3.2360E+3	-2.1145E-1	6.1125E-6	1.2729E+0	-4.8204E-4
3.2460E+3	-2.1111E-1	6.1071E-6	1.2713E+0	-4.5696E-4
3.2560E+3	-2.1039E-1	6.1122E-6	1.2721E+0	-4.6910E-4
3.2660E+3	-2.0990E-1	6.1148E-6	1.2726E+0	-4.8391E-4
3.2760E+3	-2.0957E-1	6.1130E-6	1.2724E+0	-5.1971E-4
3.2860E+3	-2.1031E-1	6.1096E-6	1.2731E+0	-4.8410E-4
3.2961E+3	-2.0891E-1	6.1132E-6	1.2694E+0	-4.6970E-4
3.3061E+3	-2.0826E-1	6.1135E-6	1.2724E+0	-4.9150E-4
3.3161E+3	-2.0746E-1	6.1166E-6	1.2721E+0	-5.0942E-4
3.3261E+3	-2.0668E-1	6.1222E-6	1.2727E+0	-5.2259E-4
3.3361E+3	-2.0625E-1	6.1186E-6	1.2730E+0	-4.6782E-4
3.3461E+3	-2.0598E-1	6.1188E-6	1.2722E+0	-4.9892E-4
3.3562E+3	-2.0616E-1	6.1182E-6	1.2778E+0	-4.9936E-4
3.3662E+3	-2.0542E-1	6.1148E-6	1.2772E+0	-4.9519E-4
3.3762E+3	-2.0488E-1	6.1229E-6	1.2741E+0	-4.8251E-4
3.3862E+3	-2.0434E-1	6.1242E-6	1.2722E+0	-4.8412E-4
3.3962E+3	-2.0370E-1	6.1334E-6	1.2737E+0	-4.9527E-4
3.4062E+3	-2.0330E-1	6.1252E-6	1.2750E+0	-4.9327E-4
3.4163E+3	-2.0292E-1	6.1226E-6	1.2738E+0	-4.7648E-4
3.4263E+3	-2.0314E-1	6.1281E-6	1.2728E+0	-4.7714E-4
3.4363E+3	-2.0227E-1	6.1289E-6	1.2745E+0	-5.0453E-4
3.4463E+3	-2.0147E-1	6.1322E-6	1.2714E+0	-4.9688E-4
3.4563E+3	-2.0143E-1	6.1274E-6	1.2722E+0	-4.6756E-4
3.4663E+3	-2.0149E-1	6.1316E-6	1.2698E+0	-4.7387E-4
3.4764E+3	-2.0154E-1	6.1339E-6	1.2711E+0	-5.0197E-4
3.4864E+3	-2.0246E-1	6.1399E-6	1.2739E+0	-5.0513E-4
3.4964E+3	-2.0338E-1	6.1425E-6	1.2722E+0	-4.9343E-4
3.5064E+3	-2.0231E-1	6.1313E-6	1.2729E+0	-4.5591E-4
3.5164E+3	-2.0176E-1	6.1243E-6	1.2724E+0	-4.7039E-4
3.5264E+3	-2.0097E-1	6.1323E-6	1.2743E+0	-4.5751E-4
3.5365E+3	-2.0047E-1	6.1360E-6	1.2739E+0	-4.9135E-4
3.5465E+3	-2.0001E-1	6.1324E-6	1.2713E+0	-4.7864E-4
3.5565E+3	-1.9938E-1	6.1374E-6	1.2698E+0	-4.6017E-4
3.5665E+3	-1.9880E-1	6.1285E-6	1.2732E+0	-4.7382E-4
3.5765E+3	-1.9877E-1	6.1247E-6	1.2747E+0	-4.4643E-4
3.5865E+3	-1.9791E-1	6.1279E-6	1.2728E+0	-4.5321E-4
3.5966E+3	-1.9752E-1	6.1266E-6	1.2701E+0	-4.5973E-4
3.6066E+3	-1.9693E-1	6.1309E-6	1.2733E+0	-4.4810E-4
3.6166E+3	-1.9630E-1	6.1298E-6	1.2727E+0	-4.6246E-4
3.6266E+3	-1.9588E-1	6.1285E-6	1.2748E+0	-4.5765E-4
3.6366E+3	-1.9547E-1	6.1333E-6	1.2741E+0	-4.8234E-4
3.6466E+3	-1.9550E-1	6.1297E-6	1.2725E+0	-4.6814E-4
3.6567E+3	-1.9476E-1	6.1268E-6	1.2730E+0	-4.7232E-4
3.6667E+3	-1.9414E-1	6.1343E-6	1.2758E+0	-4.5597E-4
3.6767E+3	-1.9353E-1	6.1338E-6	1.2775E+0	-4.5475E-4
3.6867E+3	-1.9322E-1	6.1298E-6	1.2754E+0	-4.8080E-4
3.6967E+3	-1.9258E-1	6.1269E-6	1.2714E+0	-5.0814E-4
3.7067E+3	-1.9295E-1	6.1367E-6	1.2711E+0	-4.8341E-4
3.7168E+3	-1.9141E-1	6.1437E-6	1.2719E+0	-4.5803E-4
3.7268E+3	-1.9087E-1	6.1483E-6	1.2746E+0	-4.3956E-4
3.7368E+3	-1.9019E-1	6.1442E-6	1.2749E+0	-4.9390E-4
3.7468E+3	-1.8955E-1	6.1457E-6	1.2722E+0	-4.4845E-4
3.7568E+3	-1.8884E-1	6.1430E-6	1.2736E+0	-4.5611E-4
3.7668E+3	-1.8951E-1	6.1399E-6	1.2742E+0	-4.7511E-4
3.7769E+3	-1.8820E-1	6.1430E-6	1.2756E+0	-4.6579E-4
3.7869E+3	-1.8747E-1	6.1490E-6	1.2744E+0	-4.5277E-4
3.7969E+3	-1.8700E-1	6.1403E-6	1.2775E+0	-4.2436E-4
3.8069E+3	-1.8662E-1	6.1403E-6	1.2773E+0	-4.4287E-4
3.8169E+3	-1.8585E-1	6.1587E-6	1.2759E+0	-4.7891E-4
3.8269E+3	-1.8542E-1	6.1433E-6	1.2756E+0	-4.8467E-4
3.8370E+3	-1.8485E-1	6.1423E-6	1.2776E+0	-4.7943E-4
3.8470E+3	-1.8507E-1	6.1385E-6	1.2755E+0	-4.8665E-4
3.8570E+3	-1.8449E-1	6.1382E-6	1.2770E+0	-4.8367E-4
3.8670E+3	-1.8352E-1	6.1440E-6	1.2777E+0	-4.7939E-4
3.8770E+3	-1.8314E-1	6.1350E-6	1.2761E+0	-4.8103E-4
3.8871E+3	-1.8377E-1	6.1362E-6	1.2737E+0	-5.1220E-4
3.8971E+3	-1.8319E-1	6.1426E-6	1.2771E+0	-4.9964E-4
3.9071E+3	-1.8265E-1	6.1491E-6	1.2744E+0	-4.9815E-4
3.9171E+3	-1.8193E-1	6.1506E-6	1.2737E+0	-4.8584E-4
3.9271E+3	-1.8154E-1	6.1490E-6	1.2740E+0	-4.5702E-4
3.9371E+3	-1.8262E-1	6.1532E-6	1.2761E+0	-4.6657E-4
3.9472E+3	-1.8113E-1	6.1476E-6	1.2754E+0	-4.9592E-4
3.9572E+3	-1.8033E-1	6.1451E-6	1.2761E+0	-4.6666E-4
3.9672E+3	-1.7987E-1	6.1481E-6	1.2762E+0	-4.7311E-4
3.9772E+3	-1.7960E-1	6.1482E-6	1.2736E+0	-5.1918E-4
3.9872E+3	-1.8011E-1	6.1438E-6	1.2754E+0	-4.9093E-4
3.9972E+3	-1.7988E-1	6.1441E-6	1.2767E+0	-4.8821E-4
4.0073E+3	-1.7924E-1	6.1461E-6	1.2729E+0	-4.8373E-4
4.0173E+3	-1.7866E-1	6.1434E-6	1.2766E+0	-4.9155E-4
4.0273E+3	-1.7802E-1	6.1456E-6	1.2788E+0	-5.0335E-4
4.0373E+3	-1.7774E-1	6.1397E-6	1.2781E+0	-5.0300E-4
4.0473E+3	-1.7667E-1	6.1464E-6	1.2757E+0	-4.6647E-4
4.0573E+3	-1.7652E-1	6.1424E-6	1.2743E+0	-4.8943E-4
4.0674E+3	-1.7693E-1	6.1439E-6	1.2742E+0	-4.9867E-4
4.0774E+3	-1.7667E-1	6.1376E-6	1.2763E+0	-4.3318E-4
4.0874E+3	-1.7577E-1	6.1422E-6	1.2784E+0	-5.1172E-4
4.0974E+3	-1.7489E-1	6.1422E-6	1.2756E+0	-5.1867E-4
4.1074E+3	-1.7427E-1	6.1355E-6	1.2724E+0	-4.7275E-4
4.1174E+3	-1.7446E-1	6.1415E-6	1.2753E+0	-4.8330E-4
4.1275E+3	-1.7402E-1	6.1408E-6	1.2762E+0	-4.9323E-4
4.1375E+3	-1.7343E-1	6.1394E-6	1.2741E+0	-5.3456E-4
4.1475E+3	-1.7342E-1	6.1421E-6	1.2757E+0	-5.3649E-4
4.1575E+3	-1.7338E-1	6.1436E-6	1.2780E+0	-5.3975E-4
4.1675E+3	-1.7338E-1	6.1483E-6	1.2757E+0	-5.5565E-4
4.1775E+3	-1.7322E-1	6.1456E-6	1.2789E+0	-5.2263E-4
4.1876E+3	-1.7279E-1	6.1583E-6	1.2780E+0	-5.0618E-4
4.1976E+3	-1.7287E-1	6.1494E-6	1.2784E+0	-5.1264E-4
4.2076E+3	-1.7247E-1	6.1460E-6	1.2771E+0	-4.9248E-4
4.2176E+3	-1.7202E-1	6.1515E-6	1.2769E+0	-5.0378E-4
4.2276E+3	-1.7228E-1	6.1523E-6	1.2772E+0	-5.0252E-4
4.2376E+3	-1.7154E-1	6.1451E-6	1.2773E+0	-5.1270E-4
4.2477E+3	-1.7095E-1	6.1509E-6	1.2739E+0	-4.9667E-4
4.2577E+3	-1.7087E-1	6.1554E-6	1.2753E+0	-5.2125E-4
4.2677E+3	-1.7010E-1	6.1516E-6	1.2754E+0	-5.5642E-4
4.2777E+3	-1.6954E-1	6.1553E-6	1.2759E+0	-5.1248E-4
4.2877E+3	-1.6937E-1	6.1573E-6	1.2787E+0	-5.2140E-4
4.2977E+3	-1.6912E-1	6.1538E-6	1.2745E+0	-5.0958E-4
4.3078E+3	-1.6853E-1	6.1557E-6	1.2753E+0	-4.9792E-4
4.3178E+3	-1.6808E-1	6.1532E-6	1.2760E+0	-4.9562E-4
4.3278E+3	-1.6790E-1	6.1500E-6	1.2746E+0	-5.0365E-4
4.3378E+3	-1.6776E-1	6.1413E-6	1.2739E+0	-5.0490E-4
4.3478E+3	-1.6755E-1	6.1512E-6	1.2758E+0	-5.1839E-4
4.3578E+3	-1.6680E-1	6.1527E-6	1.2754E+0	-5.0272E-4
4.3679E+3	-1.6575E-1	6.1494E-6	1.2746E+0	-4.9463E-4
4.3779E+3	-1.6554E-1	6.1460E-6	1.2742E+0	-5.3148E-4
4.3879E+3	-1.6486E-1	6.1532E-6	1.2750E+0	-5.1808E-4
4.3979E+3	-1.6454E-1	6.1578E-6	1.2773E+0	-5.0244E-4
4.4079E+3	-1.6453E-1	6.1607E-6	1.2744E+0	-4.9927E-4
4.4179E+3	-1.6480E-1	6.1484E-6	1.2721E+0	-4.9305E-4
4.4280E+3	-1.6418E-1	6.1520E-6	1.2755E+0	-5.1353E-4
4.4380E+3	-1.6369E-1	6.1502E-6	1.2760E+0	-4.8513E-4
4.4480E+3	-1.6373E-1	6.1403E-6	1.2743E+0	-4.9696E-4
4.4580E+3	-1.6453E-1	6.1516E-6	1.2753E+0	-5.1852E-4
4.4680E+3	-1.6448E-1	6.1509E-6	1.2727E+0	-5.1796E-4
4.4780E+3	-1.6396E-1	6.1563E-6	1.2769E+0	-5.2621E-4
4.4881E+3	-1.6346E-1	6.1527E-6	1.2764E+0	-5.0389E-4
4.4981E+3	-1.6263E-1	6.1567E-6	1.2748E+0	-4.9670E-4
4.5081E+3	-1.6201E-1	6.1615E-6	1.2754E+0	-4.7511E-4
4.5181E+3	-1.6100E-1	6.1647E-6	1.2732E+0	-4.9564E-4
4.5281E+3	-1.6061E-1	6.1550E-6	1.2731E+0	-5.0467E-4
4.5381E+3	-1.6075E-1	6.1512E-6	1.2796E+0	-4.7110E-4
4.5482E+3	-1.6026E-1	6.1498E-6	1.2761E+0	-4.6704E-4
4.5582E+3	-1.5977E-1	6.1561E-6	1.2753E+0	-4.9839E-4
4.5682E+3	-1.5936E-1	6.1607E-6	1.2741E+0	-4.8874E-4
4.5782E+3	-1.5909E-1	6.1602E-6	1.2746E+0	-4.9327E-4
4.5882E+3	-1.5940E-1	6.1595E-6	1.2746E+0	-5.0803E-4
4.5982E+3	-1.5796E-1	6.1517E-6	1.2721E+0	-5.0746E-4
4.6083E+3	-1.5700E-1	6.1608E-6	1.2727E+0	-4.7507E-4
4.6183E+3	-1.5663E-1	6.1634E-6	1.2758E+0	-5.1106E-4
4.6283E+3	-1.5589E-1	6.1627E-6	1.2745E+0	-5.0660E-4
4.6383E+3	-1.5557E-1	6.1544E-6	1.2710E+0	-4.7311E-4
4.6483E+3	-1.5521E-1	6.1542E-6	1.2722E+0	-4.9022E-4
4.6584E+3	-1.5455E-1	6.1604E-6	1.2746E+0	-5.0721E-4
4.6684E+3	-1.5422E-1	6.1501E-6	1.2721E+0	-4.8528E-4
4.6784E+3	-1.5392E-1	6.1499E-6	1.2748E+0	-5.0168E-4
4.6884E+3	-1.5390E-1	6.1565E-6	1.2735E+0	-5.0638E-4
4.6984E+3	-1.5343E-1	6.1585E-6	1.2742E+0	-5.1131E-4
4.7084E+3	-1.5337E-1	6.1555E-6	1.2761E+0	-5.2459E-4
4.7185E+3	-1.5308E-1	6.1531E-6	1.2728E+0	-5.0043E-4
4.7285E+3	-1.5250E-1	6.1554E-6	1.2727E+0	-4.8900E-4
4.7385E+3	-1.5260E-1	6.1565E-6	1.2717E+0	-4.8245E-4
4.7485E+3	-1.5232E-1	6.1630E-6	1.2708E+0	-4.9124E-4
4.7585E+3	-1.5135E-1	6.1594E-6	1.2726E+0	-4.9132E-4
4.7685E+3	-1.5082E-1	6.1671E-6	1.2696E+0	-4.9348E-4
4.7786E+3	-1.5002E-1	6.1609E-6	1.2767E+0	-5.0653E-4
4.7886E+3	-1.4992E-1	6.1563E-6	1.2734E+0	-5.1235E-4
4.7986E+3	-1.4945E-1	6.1609E-6	1.2745E+0	-4.9162E-4
4.8086E+3	-1.5054E-1	6.1662E-6	1.2758E+0	-4.9383E-4
4.8186E+3	-1.5019E-1	6.1651E-6	1.2735E+0	-4.9994E-4
4.8286E+3	-1.4944E-1	6.1625E-6	1.2748E+0	-5.1229E-4
4.8387E+3	-1.4913E-1	6.1631E-6	1.2720E+0	-5.4214E-4
4.8487E+3	-1.4872E-1	6.1548E-6	1.2737E+0	-5.2777E-4
4.8587E+3	-1.4887E-1	6.1612E-6	1.2748E+0	-5.2582E-4
4.8687E+3	-1.4809E-1	6.1602E-6	1.2741E+0	-5.5809E-4
4.8787E+3	-1.4804E-1	6.1586E-6	1.2718E+0	-5.1702E-4
4.8887E+3	-1.4810E-1	6.1568E-6	1.2751E+0	-5.1987E-4
4.8988E+3	-1.4828E-1	6.1635E-6	1.2738E+0	-5.2082E-4
4.9088E+3	-1.4800E-1	6.1679E-6	1.2738E+0	-4.9614E-4
4.9188E+3	-1.4848E-1	6.1693E-6	1.2733E+0	-5.4179E-4
4.9288E+3	-1.4733E-1	6.1665E-6	1.2719E+0	-5.0439E-4
4.9388E+3	-1.4695E-1	6.1734E-6	1.2725E+0	-4.7391E-4
4.9488E+3	-1.4669E-1	6.1640E-6	1.2738E+0	-5.0422E-4
4.9589E+3	-1.4652E-1	6.1609E-6	1.2719E+0	-5.4414E-4
4.9689E+3	-1.4653E-1	6.1540E-6	1.2733E+0	-5.2157E-4
4.9789E+3	-1.4596E-1	6.1530E-6	1.2748E+0	-5.0774E-4
4.9889E+3	-1.4570E-1	6.1606E-6	1.2729E+0	-5.2174E-4
4.9989E+3	-1.4513E-1	6.1528E-6	1.2759E+0	-5.3045E-4
5.0089E+3	-1.4457E-1	6.1547E-6	1.2750E+0	-5.2289E-4
5.0190E+3	-1.4485E-1	6.1618E-6	1.2722E+0	-4.9745E-4
5.0290E+3	-1.4415E-1	6.1505E-6	1.2711E+0	-5.1569E-4
5.0390E+3	-1.4313E-1	6.1580E-6	1.2741E+0	-4.9180E-4
5.0490E+3	-1.4248E-1	6.1576E-6	1.2708E+0	-5.2169E-4
5.0590E+3	-1.4163E-1	6.1553E-6	1.2741E+0	-5.3542E-4
5.0690E+3	-1.4122E-1	6.1630E-6	1.2718E+0	-5.0086E-4
5.0791E+3	-1.4023E-1	6.1573E-6	1.2746E+0	-5.2070E-4
5.0891E+3	-1.4014E-1	6.1581E-6	1.2705E+0	-5.2550E-4
5.0991E+3	-1.3956E-1	6.1574E-6	1.2712E+0	-5.4657E-4
5.1091E+3	-1.3961E-1	6.1601E-6	1.2728E+0	-5.3340E-4
5.1191E+3	-1.3902E-1	6.1621E-6	1.2753E+0	-5.2991E-4
5.1291E+3	-1.3902E-1	6.1627E-6	1.2785E+0	-5.5331E-4
5.1392E+3	-1.3866E-1	6.1631E-6	1.2769E+0	-5.0415E-4
5.1492E+3	-1.3838E-1	6.1627E-6	1.2742E+0	-5.2171E-4
5.1592E+3	-1.3834E-1	6.1700E-6	1.2727E+0	-5.2487E-4
5.1692E+3	-1.3836E-1	6.1539E-6	1.2744E+0	-5.5555E-4
5.1792E+3	-1.3804E-1	6.1606E-6	1.2766E+0	-5.4666E-4
5.1892E+3	-1.3874E-1	6.1620E-6	1.2746E+0	-5.2677E-4
5.1993E+3	-1.3794E-1	6.1561E-6	1.2750E+0	-5.4964E-4
5.2093E+3	-1.3756E-1	6.1555E-6	1.2754E+0	-5.1903E-4
5.2193E+3	-1.3679E-1	6.1507E-6	1.2754E+0	-5.4258E-4
5.2293E+3	-1.3669E-1	6.1609E-6	1.2770E+0	-5.4030E-4
5.2393E+3	-1.3774E-1	6.1681E-6	1.2753E+0	-5.4972E-4
5.2493E+3	-1.3782E-1	6.1633E-6	1.2734E+0	-5.6555E-4
5.2594E+3	-1.3716E-1	6.1664E-6	1.2733E+0	-5.4204E-4
5.2694E+3	-1.3646E-1	6.1623E-6	1.2744E+0	-5.2999E-4
5.2794E+3	-1.3555E-1	6.1659E-6	1.2754E+0	-5.3486E-4
5.2894E+3	-1.3544E-1	6.1646E-6	1.2748E+0	-5.6044E-4
5.2994E+3	-1.3512E-1	6.1613E-6	1.2745E+0	-5.7702E-4
5.3094E+3	-1.3493E-1	6.1610E-6	1.2756E+0	-5.3715E-4
5.3195E+3	-1.3435E-1	6.1665E-6	1.2733E+0	-5.1762E-4
5.3295E+3	-1.3413E-1	6.1618E-6	1.2749E+0	-5.6385E-4
5.3395E+3	-1.3377E-1	6.1665E-6	1.2747E+0	-5.2186E-4
5.3495E+3	-1.3341E-1	6.1726E-6	1.2740E+0	-5.0031E-4
5.3595E+3	-1.3297E-1	6.1669E-6	1.2715E+0	-5.3265E-4
5.3695E+3	-1.3257E-1	6.1632E-6	1.2704E+0	-5.1868E-4
5.3796E+3	-1.3221E-1	6.1653E-6	1.2744E+0	-5.3264E-4
5.3896E+3	-1.3181E-1	6.1634E-6	1.2733E+0	-5.1324E-4
5.3996E+3	-1.3126E-1	6.1554E-6	1.2690E+0	-5.2367E-4
