4.9996E-1	-3.1346E-1	-6.1695E-11	3.6206E+1	3.8105E-1
7.1251E+1	-3.1347E-1	-8.8468E-10	3.6245E+1	3.8165E-1
1.4200E+2	-3.1344E-1	-1.4874E-9	3.5421E+1	3.7232E-1
2.1275E+2	-3.1345E-1	-1.8913E-9	3.6312E+1	3.8242E-1
2.8351E+2	-3.1344E-1	-1.8215E-9	3.6319E+1	3.8226E-1
3.5426E+2	-3.1345E-1	-1.4749E-9	3.6032E+1	3.7932E-1
4.2501E+2	-3.1344E-1	-1.9252E-9	3.5939E+1	3.7834E-1
4.9576E+2	-3.1343E-1	-2.6209E-9	3.6154E+1	3.8048E-1
5.6651E+2	-3.1344E-1	-3.6111E-9	3.5905E+1	3.7792E-1
6.3726E+2	-3.1342E-1	-5.4659E-9	3.6024E+1	3.7914E-1
7.0801E+2	-3.1343E-1	-5.5654E-9	3.6244E+1	3.8156E-1
7.7876E+2	-3.1344E-1	-6.4020E-9	3.6495E+1	3.8444E-1
8.4952E+2	-3.1342E-1	-6.3381E-9	3.5988E+1	3.7887E-1
9.2027E+2	-3.1340E-1	-6.5021E-9	3.5527E+1	3.7368E-1
9.9102E+2	-3.1342E-1	-6.1396E-9	3.6009E+1	3.7915E-1
1.0618E+3	-3.1339E-1	-6.5846E-9	3.5236E+1	3.7045E-1
1.1325E+3	-3.1339E-1	-5.6270E-9	3.5721E+1	3.7606E-1
1.2033E+3	-3.1340E-1	-4.6144E-9	3.5768E+1	3.7650E-1
1.2740E+3	-3.1339E-1	-3.7588E-9	3.5741E+1	3.7629E-1
1.3448E+3	-3.1341E-1	-2.7336E-9	3.5611E+1	3.7455E-1
1.4155E+3	-3.1342E-1	-1.3168E-9	3.5704E+1	3.7586E-1
1.4863E+3	-3.1342E-1	5.9581E-10	3.6039E+1	3.7958E-1
1.5570E+3	-3.1340E-1	2.3953E-9	3.5355E+1	3.7165E-1
1.6278E+3	-3.1339E-1	3.7939E-9	3.5694E+1	3.7574E-1
1.6985E+3	-3.1343E-1	5.1496E-9	3.5767E+1	3.7637E-1
1.7693E+3	-3.1342E-1	6.1971E-9	3.5591E+1	3.7431E-1
1.8400E+3	-3.1341E-1	6.4916E-9	3.5400E+1	3.7260E-1
1.9108E+3	-3.1342E-1	7.3712E-9	3.5855E+1	3.7754E-1
1.9815E+3	-3.1342E-1	8.0051E-9	3.5955E+1	3.7851E-1
2.0523E+3	-3.1341E-1	8.9630E-9	3.5565E+1	3.7405E-1
2.1230E+3	-3.1341E-1	9.5770E-9	3.5468E+1	3.7324E-1
2.1938E+3	-3.1344E-1	1.0231E-8	3.5809E+1	3.7692E-1
2.2645E+3	-3.1342E-1	1.0447E-8	3.5813E+1	3.7713E-1
2.3353E+3	-3.1342E-1	1.0605E-8	3.5708E+1	3.7577E-1
2.4060E+3	-3.1342E-1	1.0656E-8	3.5264E+1	3.7080E-1
2.4768E+3	-3.1343E-1	1.0852E-8	3.5348E+1	3.7168E-1
2.5475E+3	-3.1344E-1	1.1296E-8	3.5697E+1	3.7586E-1
2.6183E+3	-3.1343E-1	1.1461E-8	3.5750E+1	3.7625E-1
2.6890E+3	-3.1343E-1	1.1805E-8	3.5657E+1	3.7526E-1
2.7598E+3	-3.1342E-1	1.2432E-8	3.5424E+1	3.7248E-1
2.8306E+3	-3.1342E-1	1.2595E-8	3.5214E+1	3.7027E-1
2.9013E+3	-3.1342E-1	1.2905E-8	3.5790E+1	3.7684E-1
2.9721E+3	-3.1343E-1	1.3108E-8	3.5809E+1	3.7680E-1
3.0428E+3	-3.1343E-1	1.3228E-8	3.5432E+1	3.7275E-1
3.1136E+3	-3.1343E-1	1.3350E-8	3.5656E+1	3.7522E-1
3.1843E+3	-3.1342E-1	1.3645E-8	3.5728E+1	3.7590E-1
3.2551E+3	-3.1341E-1	1.3647E-8	3.5778E+1	3.7661E-1
3.3258E+3	-3.1342E-1	1.3926E-8	3.5799E+1	3.7681E-1
3.3966E+3	-3.1341E-1	1.4210E-8	3.5465E+1	3.7296E-1
3.4673E+3	-3.1341E-1	1.4624E-8	3.5500E+1	3.7369E-1
3.5381E+3	-3.1341E-1	1.4421E-8	3.5739E+1	3.7631E-1
3.6088E+3	-3.1339E-1	1.4427E-8	3.5291E+1	3.7101E-1
3.6796E+3	-3.1339E-1	1.4517E-8	3.5641E+1	3.7500E-1
3.7503E+3	-3.1340E-1	1.4974E-8	3.5212E+1	3.7026E-1
3.8211E+3	-3.1339E-1	1.5244E-8	3.5726E+1	3.7601E-1
3.8918E+3	-3.1340E-1	1.5358E-8	3.5926E+1	3.7831E-1
3.9626E+3	-3.1338E-1	1.5032E-8	3.5643E+1	3.7516E-1
4.0333E+3	-3.1338E-1	1.5242E-8	3.5466E+1	3.7329E-1
4.1041E+3	-3.1339E-1	1.5342E-8	3.5441E+1	3.7284E-1
4.1748E+3	-3.1339E-1	1.5097E-8	3.5626E+1	3.7506E-1
4.2456E+3	-3.1338E-1	1.4985E-8	3.5830E+1	3.7727E-1
4.3163E+3	-3.1339E-1	1.5145E-8	3.5805E+1	3.7691E-1
4.3871E+3	-3.1339E-1	1.5209E-8	3.5661E+1	3.7529E-1
4.4578E+3	-3.1338E-1	1.5917E-8	3.5902E+1	3.7789E-1
4.5286E+3	-3.1338E-1	1.6487E-8	3.5373E+1	3.7235E-1
4.5993E+3	-3.1339E-1	1.6719E-8	3.5365E+1	3.7202E-1
4.6701E+3	-3.1338E-1	1.7001E-8	3.5472E+1	3.7310E-1
4.7408E+3	-3.1339E-1	1.6685E-8	3.5693E+1	3.7579E-1
4.8116E+3	-3.1340E-1	1.6997E-8	3.5790E+1	3.7674E-1
4.8823E+3	-3.1340E-1	1.6659E-8	3.5725E+1	3.7632E-1
4.9531E+3	-3.1339E-1	1.6840E-8	3.6032E+1	3.7956E-1
5.0238E+3	-3.1338E-1	1.6698E-8	3.5812E+1	3.7706E-1
5.0946E+3	-3.1338E-1	1.7213E-8	3.5480E+1	3.7330E-1
5.1653E+3	-3.1338E-1	1.7737E-8	3.5103E+1	3.6934E-1
5.2361E+3	-3.1339E-1	1.7302E-8	3.5350E+1	3.7200E-1
5.3068E+3	-3.1340E-1	1.7724E-8	3.5275E+1	3.7129E-1
5.3776E+3	-3.1338E-1	1.7302E-8	3.5265E+1	3.7123E-1
5.4484E+3	-3.1338E-1	1.7086E-8	3.5587E+1	3.7464E-1
5.5191E+3	-3.1339E-1	1.7027E-8	3.5377E+1	3.7240E-1
5.5899E+3	-3.1339E-1	1.7318E-8	3.5812E+1	3.7709E-1
5.6606E+3	-3.1338E-1	1.7351E-8	3.5675E+1	3.7542E-1
5.7314E+3	-3.1339E-1	1.7782E-8	3.5702E+1	3.7571E-1
5.8021E+3	-3.1339E-1	1.7561E-8	3.5714E+1	3.7591E-1
5.8729E+3	-3.1339E-1	1.7783E-8	3.5584E+1	3.7464E-1
5.9436E+3	-3.1339E-1	1.7790E-8	3.5659E+1	3.7530E-1
6.0144E+3	-3.1338E-1	1.8069E-8	3.5335E+1	3.7174E-1
6.0851E+3	-3.1337E-1	1.7987E-8	3.5294E+1	3.7135E-1
6.1559E+3	-3.1337E-1	1.7786E-8	3.5725E+1	3.7629E-1
6.2266E+3	-3.1338E-1	1.8406E-8	3.5715E+1	3.7599E-1
6.2974E+3	-3.1337E-1	1.9042E-8	3.5613E+1	3.7476E-1
6.3681E+3	-3.1338E-1	1.8811E-8	3.5637E+1	3.7516E-1
6.4389E+3	-3.1337E-1	1.9345E-8	3.5534E+1	3.7390E-1
6.5096E+3	-3.1337E-1	1.9158E-8	3.5715E+1	3.7619E-1
6.5804E+3	-3.1337E-1	1.9761E-8	3.5519E+1	3.7406E-1
6.6511E+3	-3.1338E-1	1.9980E-8	3.5721E+1	3.7610E-1
6.7219E+3	-3.1338E-1	1.9354E-8	3.5698E+1	3.7598E-1
6.7926E+3	-3.1335E-1	1.8864E-8	3.5245E+1	3.7068E-1
6.8634E+3	-3.1337E-1	1.8562E-8	3.5581E+1	3.7462E-1
6.9341E+3	-3.1337E-1	1.8341E-8	3.5564E+1	3.7441E-1
7.0049E+3	-3.1339E-1	1.8726E-8	3.5671E+1	3.7587E-1
7.0756E+3	-3.1341E-1	1.9883E-8	3.5712E+1	3.7604E-1
7.1464E+3	-3.1338E-1	1.9153E-8	3.5908E+1	3.7816E-1
7.2171E+3	-3.1337E-1	1.9573E-8	3.5835E+1	3.7731E-1
7.2879E+3	-3.1338E-1	1.9516E-8	3.5710E+1	3.7588E-1
7.3586E+3	-3.1338E-1	2.0423E-8	3.5601E+1	3.7470E-1
7.4294E+3	-3.1338E-1	2.0263E-8	3.5221E+1	3.7060E-1
7.5001E+3	-3.1337E-1	2.0135E-8	3.5371E+1	3.7212E-1
7.5709E+3	-3.1337E-1	2.0118E-8	3.5595E+1	3.7477E-1
7.6416E+3	-3.1338E-1	2.0190E-8	3.5272E+1	3.7102E-1
7.7124E+3	-3.1338E-1	2.0006E-8	3.5600E+1	3.7486E-1
7.7831E+3	-3.1338E-1	1.9827E-8	3.5810E+1	3.7734E-1
7.8539E+3	-3.1337E-1	1.9895E-8	3.5707E+1	3.7608E-1
7.9246E+3	-3.1338E-1	1.9682E-8	3.5681E+1	3.7557E-1
7.9954E+3	-3.1337E-1	1.9868E-8	3.5651E+1	3.7543E-1
8.0661E+3	-3.1338E-1	1.9520E-8	3.5748E+1	3.7638E-1
8.1369E+3	-3.1337E-1	1.9784E-8	3.5460E+1	3.7307E-1
8.2077E+3	-3.1338E-1	1.9610E-8	3.5624E+1	3.7526E-1
8.2784E+3	-3.1337E-1	1.9768E-8	3.5801E+1	3.7694E-1
8.3492E+3	-3.1339E-1	1.9722E-8	3.5916E+1	3.7837E-1
8.4199E+3	-3.1338E-1	1.9682E-8	3.6079E+1	3.8021E-1
8.4907E+3	-3.1339E-1	1.9805E-8	3.5750E+1	3.7646E-1
8.5614E+3	-3.1338E-1	2.1021E-8	3.5766E+1	3.7657E-1
8.6322E+3	-3.1338E-1	2.1651E-8	3.5615E+1	3.7490E-1
8.7029E+3	-3.1338E-1	2.1152E-8	3.5321E+1	3.7158E-1
8.7737E+3	-3.1338E-1	2.0670E-8	3.5723E+1	3.7632E-1
8.8444E+3	-3.1339E-1	2.0517E-8	3.6139E+1	3.8082E-1
8.9152E+3	-3.1339E-1	2.0459E-8	3.5834E+1	3.7744E-1
8.9859E+3	-3.1339E-1	2.0351E-8	3.5300E+1	3.7138E-1
9.0567E+3	-3.1339E-1	2.0268E-8	3.5508E+1	3.7396E-1
9.1274E+3	-3.1339E-1	2.1371E-8	3.5780E+1	3.7674E-1
9.1982E+3	-3.1340E-1	2.0362E-8	3.5770E+1	3.7659E-1
9.2689E+3	-3.1339E-1	2.0941E-8	3.5739E+1	3.7638E-1
9.3397E+3	-3.1340E-1	2.0579E-8	3.5866E+1	3.7780E-1
9.4104E+3	-3.1340E-1	2.0547E-8	3.6128E+1	3.8068E-1
9.4812E+3	-3.1338E-1	2.0255E-8	3.5641E+1	3.7530E-1
9.5519E+3	-3.1337E-1	2.1145E-8	3.5348E+1	3.7232E-1
9.6227E+3	-3.1337E-1	2.0337E-8	3.5727E+1	3.7627E-1
9.6934E+3	-3.1338E-1	2.0210E-8	3.5441E+1	3.7287E-1
9.7642E+3	-3.1337E-1	2.0125E-8	3.5230E+1	3.7097E-1
9.8349E+3	-3.1336E-1	2.0321E-8	3.6081E+1	3.8030E-1
9.9057E+3	-3.1338E-1	2.1194E-8	3.5923E+1	3.7848E-1
9.9764E+3	-3.1338E-1	2.1677E-8	3.5350E+1	3.7204E-1
1.0047E+4	-3.1338E-1	2.1560E-8	3.5775E+1	3.7688E-1
1.0118E+4	-3.1338E-1	2.1282E-8	3.5576E+1	3.7434E-1
1.0189E+4	-3.1338E-1	2.1296E-8	3.5451E+1	3.7329E-1
1.0259E+4	-3.1337E-1	2.1129E-8	3.5542E+1	3.7439E-1
1.0330E+4	-3.1338E-1	2.0677E-8	3.5866E+1	3.7782E-1
1.0401E+4	-3.1339E-1	2.1098E-8	3.6256E+1	3.8226E-1
1.0472E+4	-3.1337E-1	2.2122E-8	3.5378E+1	3.7242E-1
1.0542E+4	-3.1337E-1	2.0751E-8	3.5175E+1	3.7045E-1
1.0613E+4	-3.1338E-1	2.1064E-8	3.5579E+1	3.7463E-1
1.0684E+4	-3.1338E-1	2.1195E-8	3.5860E+1	3.7795E-1
1.0755E+4	-3.1338E-1	2.0891E-8	3.5743E+1	3.7639E-1
1.0825E+4	-3.1338E-1	2.0884E-8	3.5412E+1	3.7256E-1
1.0896E+4	-3.1339E-1	2.1017E-8	3.5612E+1	3.7482E-1
1.0967E+4	-3.1339E-1	2.0366E-8	3.5438E+1	3.7318E-1
1.1038E+4	-3.1336E-1	2.0330E-8	3.5234E+1	3.7107E-1
1.1108E+4	-3.1338E-1	2.0509E-8	3.5749E+1	3.7643E-1
1.1179E+4	-3.1336E-1	2.0071E-8	3.5423E+1	3.7280E-1
1.1250E+4	-3.1337E-1	1.9948E-8	3.5106E+1	3.6956E-1
1.1321E+4	-3.1338E-1	2.1628E-8	3.5918E+1	3.7834E-1
1.1391E+4	-3.1340E-1	2.0568E-8	3.5396E+1	3.7261E-1
1.1462E+4	-3.1339E-1	2.3325E-8	3.5475E+1	3.7366E-1
1.1533E+4	-3.1341E-1	2.0624E-8	3.5759E+1	3.7671E-1
1.1604E+4	-3.1340E-1	2.1643E-8	3.5786E+1	3.7717E-1
1.1674E+4	-3.1340E-1	2.0552E-8	3.5779E+1	3.7692E-1
1.1745E+4	-3.1340E-1	2.0560E-8	3.5784E+1	3.7699E-1
1.1816E+4	-3.1339E-1	2.0903E-8	3.5652E+1	3.7542E-1
1.1887E+4	-3.1339E-1	2.0614E-8	3.5398E+1	3.7251E-1
1.1957E+4	-3.1340E-1	2.0041E-8	3.5273E+1	3.7144E-1
1.2028E+4	-3.1340E-1	2.0304E-8	3.5732E+1	3.7637E-1
1.2099E+4	-3.1339E-1	1.9889E-8	3.5506E+1	3.7361E-1
1.2170E+4	-3.1338E-1	1.9965E-8	3.5233E+1	3.7079E-1
1.2240E+4	-3.1339E-1	1.9584E-8	3.5346E+1	3.7217E-1
1.2311E+4	-3.1340E-1	1.9629E-8	3.5797E+1	3.7701E-1
1.2382E+4	-3.1338E-1	2.0276E-8	3.5256E+1	3.7108E-1
1.2453E+4	-3.1338E-1	2.0168E-8	3.5408E+1	3.7296E-1
1.2523E+4	-3.1339E-1	2.0588E-8	3.5778E+1	3.7689E-1
1.2594E+4	-3.1339E-1	2.0906E-8	3.5780E+1	3.7673E-1
1.2665E+4	-3.1339E-1	2.1478E-8	3.5628E+1	3.7511E-1
1.2736E+4	-3.1338E-1	2.0018E-8	3.5256E+1	3.7115E-1
1.2806E+4	-3.1340E-1	2.0234E-8	3.5928E+1	3.7851E-1
1.2877E+4	-3.1338E-1	2.0314E-8	3.5634E+1	3.7541E-1
1.2948E+4	-3.1339E-1	1.9979E-8	3.5723E+1	3.7652E-1
1.3019E+4	-3.1339E-1	2.0361E-8	3.5743E+1	3.7647E-1
1.3089E+4	-3.1339E-1	2.0075E-8	3.5185E+1	3.7051E-1
1.3160E+4	-3.1340E-1	2.1038E-8	3.5662E+1	3.7572E-1
1.3231E+4	-3.1339E-1	2.2963E-8	3.5593E+1	3.7487E-1
1.3302E+4	-3.1340E-1	2.0901E-8	3.5963E+1	3.7909E-1
1.3372E+4	-3.1339E-1	2.2212E-8	3.5816E+1	3.7730E-1
1.3443E+4	-3.1340E-1	2.0114E-8	3.5794E+1	3.7710E-1
1.3514E+4	-3.1338E-1	2.0753E-8	3.5314E+1	3.7191E-1
1.3585E+4	-3.1339E-1	2.1398E-8	3.5529E+1	3.7432E-1
1.3656E+4	-3.1337E-1	2.1110E-8	3.5770E+1	3.7700E-1
1.3726E+4	-3.1336E-1	2.1397E-8	3.5404E+1	3.7277E-1
1.3797E+4	-3.1337E-1	2.0444E-8	3.5957E+1	3.7891E-1
1.3868E+4	-3.1337E-1	2.0288E-8	3.5837E+1	3.7754E-1
1.3939E+4	-3.1338E-1	2.1240E-8	3.5664E+1	3.7550E-1
1.4009E+4	-3.1337E-1	2.0773E-8	3.5361E+1	3.7229E-1
1.4080E+4	-3.1338E-1	2.1000E-8	3.5758E+1	3.7681E-1
1.4151E+4	-3.1337E-1	2.0043E-8	3.5627E+1	3.7524E-1
1.4222E+4	-3.1337E-1	2.0062E-8	3.5755E+1	3.7683E-1
1.4292E+4	-3.1337E-1	2.0071E-8	3.5698E+1	3.7615E-1
1.4363E+4	-3.1338E-1	2.0518E-8	3.5575E+1	3.7484E-1
1.4434E+4	-3.1338E-1	2.0881E-8	3.5750E+1	3.7661E-1
1.4505E+4	-3.1338E-1	2.0901E-8	3.5603E+1	3.7510E-1
1.4575E+4	-3.1337E-1	2.0850E-8	3.5582E+1	3.7475E-1
1.4646E+4	-3.1338E-1	2.2461E-8	3.5692E+1	3.7600E-1
1.4717E+4	-3.1337E-1	2.0549E-8	3.5276E+1	3.7157E-1
1.4788E+4	-3.1338E-1	2.4371E-8	3.5848E+1	3.7761E-1
1.4858E+4	-3.1336E-1	2.0647E-8	3.5742E+1	3.7641E-1
1.4929E+4	-3.1337E-1	2.0730E-8	3.5206E+1	3.7066E-1
1.5000E+4	-3.1338E-1	2.0335E-8	3.5665E+1	3.7565E-1
1.5071E+4	-3.1338E-1	2.0347E-8	3.5790E+1	3.7712E-1
1.5141E+4	-3.1338E-1	2.0662E-8	3.5349E+1	3.7220E-1
1.5212E+4	-3.1339E-1	2.0726E-8	3.5593E+1	3.7499E-1
1.5283E+4	-3.1339E-1	2.1091E-8	3.5920E+1	3.7854E-1
1.5354E+4	-3.1338E-1	2.0963E-8	3.5491E+1	3.7371E-1
1.5424E+4	-3.1339E-1	2.0533E-8	3.5579E+1	3.7484E-1
1.5495E+4	-3.1339E-1	2.1085E-8	3.5753E+1	3.7673E-1
1.5566E+4	-3.1338E-1	2.1034E-8	3.5550E+1	3.7429E-1
1.5637E+4	-3.1337E-1	2.1135E-8	3.5135E+1	3.7009E-1
1.5707E+4	-3.1338E-1	2.1774E-8	3.5668E+1	3.7591E-1
1.5778E+4	-3.1339E-1	2.1784E-8	3.5800E+1	3.7728E-1
1.5849E+4	-3.1338E-1	2.1063E-8	3.5207E+1	3.7068E-1
1.5920E+4	-3.1339E-1	2.0991E-8	3.5605E+1	3.7500E-1
1.5990E+4	-3.1338E-1	2.0878E-8	3.5623E+1	3.7522E-1
1.6061E+4	-3.1338E-1	2.0753E-8	3.5191E+1	3.7044E-1
1.6132E+4	-3.1338E-1	2.0934E-8	3.5718E+1	3.7622E-1
1.6203E+4	-3.1340E-1	2.1175E-8	3.5733E+1	3.7646E-1
1.6273E+4	-3.1340E-1	2.1933E-8	3.5806E+1	3.7722E-1
1.6344E+4	-3.1341E-1	2.0684E-8	3.5782E+1	3.7705E-1
1.6415E+4	-3.1339E-1	2.2803E-8	3.5705E+1	3.7614E-1
1.6486E+4	-3.1340E-1	2.1879E-8	3.5688E+1	3.7583E-1
1.6556E+4	-3.1340E-1	2.2366E-8	3.5442E+1	3.7315E-1
1.6627E+4	-3.1340E-1	2.1292E-8	3.5279E+1	3.7144E-1
1.6698E+4	-3.1340E-1	2.1012E-8	3.5376E+1	3.7265E-1
1.6769E+4	-3.1341E-1	2.1262E-8	3.5774E+1	3.7700E-1
1.6839E+4	-3.1341E-1	2.1828E-8	3.5391E+1	3.7247E-1
1.6910E+4	-3.1340E-1	2.1919E-8	3.5429E+1	3.7314E-1
1.6981E+4	-3.1341E-1	2.1146E-8	3.5572E+1	3.7482E-1
1.7052E+4	-3.1341E-1	2.1416E-8	3.5712E+1	3.7623E-1
1.7122E+4	-3.1340E-1	2.1164E-8	3.5719E+1	3.7644E-1
1.7193E+4	-3.1341E-1	2.1559E-8	3.5604E+1	3.7500E-1
1.7264E+4	-3.1338E-1	2.1265E-8	3.5542E+1	3.7436E-1
1.7335E+4	-3.1341E-1	2.1480E-8	3.5772E+1	3.7676E-1
1.7405E+4	-3.1340E-1	2.1478E-8	3.5640E+1	3.7536E-1
1.7476E+4	-3.1340E-1	2.2666E-8	3.5046E+1	3.6890E-1
1.7547E+4	-3.1340E-1	2.1352E-8	3.5427E+1	3.7317E-1
1.7618E+4	-3.1342E-1	2.3286E-8	3.5744E+1	3.7658E-1
1.7688E+4	-3.1341E-1	2.1640E-8	3.5773E+1	3.7697E-1
1.7759E+4	-3.1341E-1	2.2254E-8	3.5931E+1	3.7842E-1
1.7830E+4	-3.1341E-1	2.1806E-8	3.5307E+1	3.7186E-1
1.7901E+4	-3.1341E-1	2.1680E-8	3.5422E+1	3.7305E-1
1.7971E+4	-3.1342E-1	2.3308E-8	3.5734E+1	3.7630E-1
1.8042E+4	-3.1341E-1	2.2093E-8	3.5378E+1	3.7230E-1
1.8113E+4	-3.1340E-1	2.1340E-8	3.5580E+1	3.7459E-1
1.8184E+4	-3.1342E-1	2.2602E-8	3.5727E+1	3.7643E-1
1.8254E+4	-3.1340E-1	2.1587E-8	3.5720E+1	3.7622E-1
1.8325E+4	-3.1341E-1	2.1568E-8	3.5404E+1	3.7267E-1
1.8396E+4	-3.1341E-1	2.1345E-8	3.5503E+1	3.7402E-1
1.8467E+4	-3.1342E-1	2.1804E-8	3.5364E+1	3.7214E-1
1.8537E+4	-3.1341E-1	2.1477E-8	3.5443E+1	3.7327E-1
1.8608E+4	-3.1342E-1	2.1155E-8	3.5705E+1	3.7597E-1
1.8679E+4	-3.1342E-1	2.1814E-8	3.5544E+1	3.7410E-1
1.8750E+4	-3.1342E-1	2.1615E-8	3.5416E+1	3.7271E-1
1.8820E+4	-3.1342E-1	2.3823E-8	3.5284E+1	3.7135E-1
1.8891E+4	-3.1342E-1	2.2408E-8	3.5615E+1	3.7524E-1
1.8962E+4	-3.1343E-1	2.1845E-8	3.5690E+1	3.7564E-1
1.9033E+4	-3.1342E-1	2.5492E-8	3.5226E+1	3.7052E-1
1.9103E+4	-3.1342E-1	2.4611E-8	3.5522E+1	3.7394E-1
1.9174E+4	-3.1341E-1	2.4046E-8	3.5384E+1	3.7272E-1
1.9245E+4	-3.1342E-1	2.3381E-8	3.5832E+1	3.7755E-1
1.9316E+4	-3.1342E-1	2.4909E-8	3.5982E+1	3.7909E-1
1.9386E+4	-3.1342E-1	2.3436E-8	3.5239E+1	3.7079E-1
1.9457E+4	-3.1341E-1	2.3424E-8	3.5457E+1	3.7339E-1
1.9528E+4	-3.1343E-1	2.3390E-8	3.5705E+1	3.7599E-1
1.9599E+4	-3.1341E-1	2.3800E-8	3.5520E+1	3.7378E-1
1.9669E+4	-3.1343E-1	2.5185E-8	3.5457E+1	3.7341E-1
1.9740E+4	-3.1341E-1	2.4325E-8	3.5760E+1	3.7653E-1
1.9811E+4	-3.1342E-1	2.5622E-8	3.5284E+1	3.7130E-1
1.9882E+4	-3.1343E-1	2.5109E-8	3.5684E+1	3.7572E-1
1.9952E+4	-3.1342E-1	2.3994E-8	3.5462E+1	3.7330E-1
2.0023E+4	-3.1341E-1	2.4083E-8	3.5659E+1	3.7545E-1
2.0094E+4	-3.1341E-1	2.4733E-8	3.5689E+1	3.7568E-1
2.0165E+4	-3.1340E-1	2.5409E-8	3.5683E+1	3.7579E-1
2.0235E+4	-3.1344E-1	2.5516E-8	3.5649E+1	3.7522E-1
2.0306E+4	-3.1344E-1	2.5663E-8	3.5452E+1	3.7313E-1
2.0377E+4	-3.1344E-1	2.6888E-8	3.5296E+1	3.7165E-1
2.0448E+4	-3.1343E-1	2.7650E-8	3.5594E+1	3.7490E-1
2.0518E+4	-3.1343E-1	2.5447E-8	3.5521E+1	3.7376E-1
2.0589E+4	-3.1344E-1	2.7265E-8	3.5584E+1	3.7478E-1
2.0660E+4	-3.1343E-1	2.5207E-8	3.5809E+1	3.7704E-1
2.0731E+4	-3.1342E-1	2.4957E-8	3.5365E+1	3.7202E-1
2.0801E+4	-3.1342E-1	2.4979E-8	3.5710E+1	3.7611E-1
2.0872E+4	-3.1342E-1	2.6893E-8	3.5721E+1	3.7586E-1
2.0943E+4	-3.1342E-1	2.4220E-8	3.5309E+1	3.7145E-1
2.1014E+4	-3.1342E-1	2.6561E-8	3.5717E+1	3.7608E-1
2.1084E+4	-3.1342E-1	2.7785E-8	3.5458E+1	3.7306E-1
2.1155E+4	-3.1342E-1	2.6675E-8	3.5408E+1	3.7279E-1
2.1226E+4	-3.1344E-1	2.5955E-8	3.5909E+1	3.7820E-1
2.1297E+4	-3.1343E-1	2.5511E-8	3.5521E+1	3.7371E-1
2.1367E+4	-3.1343E-1	2.4672E-8	3.5226E+1	3.7043E-1
2.1438E+4	-3.1344E-1	2.5429E-8	3.5383E+1	3.7235E-1
2.1509E+4	-3.1345E-1	2.5000E-8	3.5683E+1	3.7584E-1
2.1580E+4	-3.1344E-1	2.6656E-8	3.5528E+1	3.7393E-1
2.1650E+4	-3.1345E-1	2.5743E-8	3.5722E+1	3.7595E-1
2.1721E+4	-3.1343E-1	2.5784E-8	3.5614E+1	3.7491E-1
2.1792E+4	-3.1344E-1	2.5877E-8	3.5909E+1	3.7813E-1
2.1863E+4	-3.1344E-1	2.8274E-8	3.5836E+1	3.7729E-1
2.1933E+4	-3.1344E-1	2.5184E-8	3.5636E+1	3.7497E-1
2.2004E+4	-3.1342E-1	2.5570E-8	3.5272E+1	3.7092E-1
2.2075E+4	-3.1342E-1	2.5604E-8	3.5188E+1	3.7032E-1
2.2146E+4	-3.1343E-1	2.5255E-8	3.5737E+1	3.7624E-1
2.2216E+4	-3.1343E-1	2.5489E-8	3.5994E+1	3.7907E-1
2.2287E+4	-3.1343E-1	2.4798E-8	3.5223E+1	3.7040E-1
2.2358E+4	-3.1344E-1	2.6913E-8	3.5732E+1	3.7620E-1
2.2429E+4	-3.1343E-1	2.6130E-8	3.5763E+1	3.7641E-1
2.2499E+4	-3.1343E-1	2.6539E-8	3.5757E+1	3.7637E-1
2.2570E+4	-3.1342E-1	2.6116E-8	3.5563E+1	3.7415E-1
2.2641E+4	-3.1342E-1	2.5765E-8	3.5335E+1	3.7196E-1
2.2712E+4	-3.1343E-1	2.6087E-8	3.5730E+1	3.7637E-1
2.2782E+4	-3.1344E-1	2.5152E-8	3.5899E+1	3.7793E-1
2.2853E+4	-3.1343E-1	2.6061E-8	3.5673E+1	3.7569E-1
2.2924E+4	-3.1344E-1	2.6344E-8	3.5187E+1	3.7038E-1
2.2995E+4	-3.1343E-1	2.5335E-8	3.5773E+1	3.7670E-1
2.3065E+4	-3.1342E-1	2.5295E-8	3.5524E+1	3.7399E-1
2.3136E+4	-3.1344E-1	2.4670E-8	3.6090E+1	3.8012E-1
2.3207E+4	-3.1343E-1	2.7173E-8	3.6147E+1	3.8092E-1
2.3278E+4	-3.1342E-1	2.5914E-8	3.5789E+1	3.7686E-1
2.3348E+4	-3.1343E-1	2.7627E-8	3.5825E+1	3.7724E-1
2.3419E+4	-3.1343E-1	2.5694E-8	3.6198E+1	3.8145E-1
2.3490E+4	-3.1343E-1	2.5291E-8	3.5952E+1	3.7880E-1
2.3561E+4	-3.1342E-1	2.5448E-8	3.6296E+1	3.8269E-1
2.3631E+4	-3.1343E-1	2.5322E-8	3.6145E+1	3.8077E-1
2.3702E+4	-3.1345E-1	2.7737E-8	3.6498E+1	3.8478E-1
2.3773E+4	-3.1343E-1	2.5928E-8	3.6615E+1	3.8615E-1
2.3844E+4	-3.1342E-1	2.7022E-8	3.5855E+1	3.7756E-1
2.3914E+4	-3.1341E-1	2.6809E-8	3.5419E+1	3.7282E-1
2.3985E+4	-3.1343E-1	2.7947E-8	3.5775E+1	3.7662E-1
2.4056E+4	-3.1341E-1	2.7111E-8	3.5165E+1	3.7022E-1
2.4127E+4	-3.1343E-1	2.7472E-8	3.5766E+1	3.7690E-1
2.4197E+4	-3.1343E-1	2.7331E-8	3.6040E+1	3.7966E-1
2.4268E+4	-3.1342E-1	2.6895E-8	3.5253E+1	3.7112E-1
2.4339E+4	-3.1343E-1	2.7852E-8	3.5761E+1	3.7658E-1
2.4410E+4	-3.1342E-1	2.7693E-8	3.5251E+1	3.7087E-1
2.4480E+4	-3.1343E-1	2.6743E-8	3.5325E+1	3.7191E-1
2.4551E+4	-3.1344E-1	2.7304E-8	3.5729E+1	3.7617E-1
2.4622E+4	-3.1344E-1	2.6830E-8	3.5486E+1	3.7355E-1
2.4693E+4	-3.1344E-1	2.7928E-8	3.5314E+1	3.7178E-1
2.4763E+4	-3.1345E-1	2.6990E-8	3.5624E+1	3.7520E-1
2.4834E+4	-3.1345E-1	2.6202E-8	3.5915E+1	3.7820E-1
2.4905E+4	-3.1344E-1	2.7205E-8	3.5151E+1	3.6967E-1
2.4976E+4	-3.1343E-1	2.6747E-8	3.5575E+1	3.7457E-1
2.5046E+4	-3.1343E-1	2.6298E-8	3.5324E+1	3.7189E-1
2.5117E+4	-3.1344E-1	2.8635E-8	3.5877E+1	3.7775E-1
2.5188E+4	-3.1344E-1	2.7664E-8	3.5877E+1	3.7778E-1
2.5259E+4	-3.1344E-1	2.7666E-8	3.5248E+1	3.7096E-1
2.5329E+4	-3.1344E-1	2.7797E-8	3.5687E+1	3.7564E-1
2.5400E+4	-3.1343E-1	2.9950E-8	3.5359E+1	3.7190E-1
2.5471E+4	-3.1344E-1	2.7477E-8	3.5478E+1	3.7344E-1
2.5542E+4	-3.1344E-1	2.7765E-8	3.5707E+1	3.7622E-1
2.5612E+4	-3.1344E-1	2.7663E-8	3.5772E+1	3.7653E-1
2.5683E+4	-3.1345E-1	2.7971E-8	3.6021E+1	3.7964E-1
2.5754E+4	-3.1343E-1	2.7655E-8	3.5215E+1	3.7049E-1
2.5825E+4	-3.1344E-1	2.8469E-8	3.5781E+1	3.7682E-1
2.5895E+4	-3.1344E-1	2.7542E-8	3.5356E+1	3.7189E-1
2.5966E+4	-3.1343E-1	2.7874E-8	3.5349E+1	3.7201E-1
2.6037E+4	-3.1344E-1	2.8283E-8	3.5775E+1	3.7677E-1
2.6108E+4	-3.1344E-1	3.0097E-8	3.5610E+1	3.7493E-1
2.6178E+4	-3.1345E-1	3.0156E-8	3.5650E+1	3.7543E-1
2.6249E+4	-3.1345E-1	2.9171E-8	3.5737E+1	3.7624E-1
2.6320E+4	-3.1343E-1	2.8633E-8	3.5236E+1	3.7065E-1
2.6391E+4	-3.1344E-1	3.1398E-8	3.5668E+1	3.7565E-1
2.6461E+4	-3.1343E-1	2.9324E-8	3.5348E+1	3.7184E-1
2.6532E+4	-3.1342E-1	2.8624E-8	3.5240E+1	3.7064E-1
2.6603E+4	-3.1343E-1	2.8717E-8	3.5843E+1	3.7755E-1
2.6674E+4	-3.1344E-1	2.8277E-8	3.5974E+1	3.7897E-1
2.6744E+4	-3.1343E-1	2.8021E-8	3.5119E+1	3.6948E-1
2.6815E+4	-3.1342E-1	2.8536E-8	3.5566E+1	3.7468E-1
2.6886E+4	-3.1341E-1	2.8754E-8	3.5628E+1	3.7512E-1
2.6957E+4	-3.1342E-1	2.7960E-8	3.5403E+1	3.7275E-1
2.7027E+4	-3.1341E-1	2.8492E-8	3.5673E+1	3.7562E-1
2.7098E+4	-3.1343E-1	2.8997E-8	3.5736E+1	3.7627E-1
2.7169E+4	-3.1343E-1	2.8644E-8	3.5748E+1	3.7640E-1
2.7240E+4	-3.1342E-1	2.9520E-8	3.5768E+1	3.7671E-1
2.7311E+4	-3.1342E-1	2.8470E-8	3.5803E+1	3.7709E-1
2.7381E+4	-3.1343E-1	2.8435E-8	3.5684E+1	3.7587E-1
2.7452E+4	-3.1343E-1	2.9825E-8	3.6104E+1	3.8042E-1
2.7523E+4	-3.1343E-1	2.9789E-8	3.5478E+1	3.7339E-1
2.7594E+4	-3.1343E-1	2.9487E-8	3.5849E+1	3.7774E-1
2.7664E+4	-3.1343E-1	2.9703E-8	3.5982E+1	3.7913E-1
2.7735E+4	-3.1341E-1	2.9805E-8	3.5337E+1	3.7172E-1
2.7806E+4	-3.1343E-1	2.9581E-8	3.5758E+1	3.7654E-1
2.7877E+4	-3.1341E-1	3.0234E-8	3.5518E+1	3.7373E-1
2.7947E+4	-3.1342E-1	2.9357E-8	3.5643E+1	3.7524E-1
2.8018E+4	-3.1340E-1	3.0005E-8	3.5232E+1	3.7085E-1
2.8089E+4	-3.1341E-1	3.0772E-8	3.5590E+1	3.7487E-1
2.8160E+4	-3.1341E-1	3.0820E-8	3.5789E+1	3.7684E-1
2.8230E+4	-3.1341E-1	3.1785E-8	3.5730E+1	3.7623E-1
2.8301E+4	-3.1341E-1	3.1848E-8	3.5421E+1	3.7269E-1
2.8372E+4	-3.1341E-1	3.1026E-8	3.5539E+1	3.7430E-1
2.8443E+4	-3.1341E-1	3.0239E-8	3.5766E+1	3.7674E-1
2.8513E+4	-3.1339E-1	3.1244E-8	3.5400E+1	3.7268E-1
2.8584E+4	-3.1340E-1	3.1162E-8	3.5222E+1	3.7078E-1
2.8655E+4	-3.1342E-1	2.9851E-8	3.5552E+1	3.7439E-1
2.8726E+4	-3.1342E-1	2.9995E-8	3.5742E+1	3.7649E-1
2.8796E+4	-3.1342E-1	3.1236E-8	3.5745E+1	3.7661E-1
2.8867E+4	-3.1341E-1	3.1396E-8	3.5767E+1	3.7661E-1
2.8938E+4	-3.1340E-1	3.1138E-8	3.5855E+1	3.7761E-1
2.9009E+4	-3.1341E-1	3.1543E-8	3.5219E+1	3.7082E-1
2.9079E+4	-3.1339E-1	3.1308E-8	3.5288E+1	3.7145E-1
2.9150E+4	-3.1342E-1	3.1841E-8	3.5875E+1	3.7798E-1
2.9221E+4	-3.1341E-1	3.0762E-8	3.5761E+1	3.7656E-1
2.9292E+4	-3.1341E-1	3.1407E-8	3.5563E+1	3.7445E-1
2.9362E+4	-3.1340E-1	3.0576E-8	3.5549E+1	3.7421E-1
2.9433E+4	-3.1339E-1	3.1084E-8	3.5721E+1	3.7645E-1
2.9504E+4	-3.1341E-1	3.1028E-8	3.5703E+1	3.7616E-1
2.9575E+4	-3.1341E-1	3.1694E-8	3.5912E+1	3.7836E-1
2.9645E+4	-3.1340E-1	3.1078E-8	3.5193E+1	3.7033E-1
2.9716E+4	-3.1342E-1	3.1873E-8	3.5610E+1	3.7513E-1
2.9787E+4	-3.1340E-1	3.1108E-8	3.5512E+1	3.7380E-1
2.9858E+4	-3.1340E-1	3.1224E-8	3.5477E+1	3.7373E-1
2.9928E+4	-3.1341E-1	2.9889E-8	3.5787E+1	3.7703E-1
2.9999E+4	-3.1342E-1	3.0156E-8	3.5715E+1	3.7633E-1
3.0070E+4	-3.1340E-1	3.1848E-8	3.5887E+1	3.7811E-1
3.0141E+4	-3.1340E-1	3.0537E-8	3.5665E+1	3.7537E-1
3.0211E+4	-3.1339E-1	3.0236E-8	3.5181E+1	3.7055E-1
3.0282E+4	-3.1340E-1	3.0743E-8	3.5592E+1	3.7479E-1
3.0353E+4	-3.1341E-1	3.0729E-8	3.5295E+1	3.7164E-1
3.0424E+4	-3.1341E-1	3.1042E-8	3.5621E+1	3.7502E-1
3.0494E+4	-3.1339E-1	3.1775E-8	3.5166E+1	3.6983E-1
3.0565E+4	-3.1341E-1	3.0299E-8	3.5491E+1	3.7356E-1
3.0636E+4	-3.1341E-1	3.1335E-8	3.5160E+1	3.7003E-1
3.0707E+4	-3.1341E-1	3.1246E-8	3.5776E+1	3.7688E-1
3.0777E+4	-3.1342E-1	3.0923E-8	3.5760E+1	3.7658E-1
3.0848E+4	-3.1341E-1	3.2182E-8	3.5550E+1	3.7451E-1
3.0919E+4	-3.1341E-1	3.0667E-8	3.5729E+1	3.7631E-1
3.0990E+4	-3.1341E-1	3.0513E-8	3.5798E+1	3.7710E-1
3.1060E+4	-3.1341E-1	2.9803E-8	3.6033E+1	3.7964E-1
3.1131E+4	-3.1341E-1	2.9455E-8	3.5810E+1	3.7735E-1
3.1202E+4	-3.1340E-1	3.1341E-8	3.5218E+1	3.7077E-1
3.1273E+4	-3.1340E-1	3.0555E-8	3.5408E+1	3.7287E-1
3.1343E+4	-3.1341E-1	3.1900E-8	3.5701E+1	3.7611E-1
3.1414E+4	-3.1342E-1	3.1441E-8	3.5740E+1	3.7643E-1
3.1485E+4	-3.1341E-1	3.1458E-8	3.5576E+1	3.7451E-1
3.1556E+4	-3.1341E-1	3.0948E-8	3.5394E+1	3.7278E-1
3.1626E+4	-3.1343E-1	3.1338E-8	3.5915E+1	3.7852E-1
3.1697E+4	-3.1342E-1	3.0340E-8	3.5803E+1	3.7721E-1
3.1768E+4	-3.1341E-1	3.2875E-8	3.5142E+1	3.7005E-1
3.1839E+4	-3.1342E-1	3.1207E-8	3.5453E+1	3.7347E-1
3.1909E+4	-3.1342E-1	3.0372E-8	3.5412E+1	3.7301E-1
3.1980E+4	-3.1342E-1	3.2170E-8	3.5763E+1	3.7671E-1
3.2051E+4	-3.1343E-1	3.1076E-8	3.5820E+1	3.7733E-1
3.2122E+4	-3.1342E-1	3.2039E-8	3.5742E+1	3.7641E-1
3.2192E+4	-3.1340E-1	3.1987E-8	3.5079E+1	3.6912E-1
3.2263E+4	-3.1342E-1	3.1520E-8	3.5724E+1	3.7634E-1
3.2334E+4	-3.1343E-1	3.1573E-8	3.5817E+1	3.7736E-1
3.2405E+4	-3.1342E-1	3.2198E-8	3.5213E+1	3.7073E-1
3.2475E+4	-3.1343E-1	3.2269E-8	3.5889E+1	3.7839E-1
3.2546E+4	-3.1342E-1	3.3139E-8	3.5969E+1	3.7902E-1
3.2617E+4	-3.1341E-1	3.1595E-8	3.5528E+1	3.7421E-1
3.2688E+4	-3.1341E-1	3.1625E-8	3.5189E+1	3.7043E-1
3.2758E+4	-3.1341E-1	3.3354E-8	3.5371E+1	3.7260E-1
3.2829E+4	-3.1341E-1	3.1733E-8	3.5751E+1	3.7673E-1
3.2900E+4	-3.1341E-1	3.1459E-8	3.5661E+1	3.7571E-1
3.2971E+4	-3.1342E-1	3.2066E-8	3.5714E+1	3.7644E-1
3.3041E+4	-3.1342E-1	3.3032E-8	3.5744E+1	3.7676E-1
3.3112E+4	-3.1343E-1	3.2585E-8	3.5745E+1	3.7667E-1
3.3183E+4	-3.1343E-1	3.1901E-8	3.5815E+1	3.7740E-1
3.3254E+4	-3.1344E-1	3.2671E-8	3.5768E+1	3.7703E-1
3.3324E+4	-3.1343E-1	3.2165E-8	3.5754E+1	3.7666E-1
3.3395E+4	-3.1344E-1	3.1806E-8	3.5561E+1	3.7456E-1
3.3466E+4	-3.1343E-1	3.2953E-8	3.5311E+1	3.7200E-1
3.3537E+4	-3.1343E-1	3.2679E-8	3.5738E+1	3.7663E-1
3.3607E+4	-3.1343E-1	3.2990E-8	3.5776E+1	3.7702E-1
3.3678E+4	-3.1342E-1	3.3309E-8	3.5215E+1	3.7062E-1
3.3749E+4	-3.1343E-1	3.3644E-8	3.5384E+1	3.7257E-1
3.3820E+4	-3.1343E-1	3.3178E-8	3.5313E+1	3.7190E-1
3.3890E+4	-3.1343E-1	3.3144E-8	3.5741E+1	3.7641E-1
3.3961E+4	-3.1344E-1	3.2248E-8	3.5643E+1	3.7548E-1
3.4032E+4	-3.1344E-1	3.3117E-8	3.5928E+1	3.7860E-1
3.4103E+4	-3.1344E-1	3.2787E-8	3.5671E+1	3.7573E-1
3.4173E+4	-3.1342E-1	3.3375E-8	3.5746E+1	3.7665E-1
3.4244E+4	-3.1343E-1	3.3565E-8	3.5135E+1	3.6983E-1
3.4315E+4	-3.1344E-1	3.5316E-8	3.5701E+1	3.7640E-1
3.4386E+4	-3.1343E-1	3.3916E-8	3.5737E+1	3.7651E-1
3.4456E+4	-3.1342E-1	3.3765E-8	3.5372E+1	3.7271E-1
3.4527E+4	-3.1342E-1	3.4971E-8	3.5469E+1	3.7358E-1
3.4598E+4	-3.1342E-1	3.4331E-8	3.5087E+1	3.6959E-1
3.4669E+4	-3.1343E-1	3.4509E-8	3.5231E+1	3.7114E-1
3.4739E+4	-3.1343E-1	3.3185E-8	3.5525E+1	3.7447E-1
3.4810E+4	-3.1343E-1	3.4382E-8	3.5755E+1	3.7700E-1
3.4881E+4	-3.1344E-1	3.4318E-8	3.5617E+1	3.7528E-1
3.4952E+4	-3.1343E-1	3.4339E-8	3.5340E+1	3.7207E-1
3.5022E+4	-3.1343E-1	3.3983E-8	3.5451E+1	3.7352E-1
3.5093E+4	-3.1343E-1	3.3412E-8	3.5241E+1	3.7105E-1
3.5164E+4	-3.1344E-1	3.3398E-8	3.5334E+1	3.7186E-1
3.5235E+4	-3.1343E-1	3.3822E-8	3.5698E+1	3.7622E-1
3.5305E+4	-3.1342E-1	3.4106E-8	3.5478E+1	3.7386E-1
3.5376E+4	-3.1343E-1	3.3254E-8	3.5756E+1	3.7694E-1
3.5447E+4	-3.1341E-1	3.3723E-8	3.5474E+1	3.7386E-1
3.5518E+4	-3.1343E-1	3.3490E-8	3.5528E+1	3.7442E-1
3.5588E+4	-3.1342E-1	3.4011E-8	3.5124E+1	3.6976E-1
3.5659E+4	-3.1344E-1	3.2901E-8	3.5625E+1	3.7537E-1
3.5730E+4	-3.1342E-1	3.3058E-8	3.5080E+1	3.6938E-1
3.5801E+4	-3.1341E-1	3.3955E-8	3.5041E+1	3.6894E-1
3.5871E+4	-3.1341E-1	3.3385E-8	3.5182E+1	3.7061E-1
3.5942E+4	-3.1341E-1	3.4661E-8	3.5213E+1	3.7095E-1
3.6013E+4	-3.1342E-1	3.5484E-8	3.5806E+1	3.7751E-1
3.6084E+4	-3.1343E-1	3.4430E-8	3.5705E+1	3.7632E-1
3.6154E+4	-3.1341E-1	3.6562E-8	3.5713E+1	3.7626E-1
3.6225E+4	-3.1341E-1	3.5369E-8	3.5167E+1	3.7032E-1
3.6296E+4	-3.1341E-1	3.3892E-8	3.5114E+1	3.6974E-1
3.6367E+4	-3.1341E-1	3.3907E-8	3.5128E+1	3.6968E-1
3.6437E+4	-3.1341E-1	3.4396E-8	3.5422E+1	3.7330E-1
3.6508E+4	-3.1344E-1	3.4688E-8	3.5935E+1	3.7884E-1
3.6579E+4	-3.1343E-1	3.4504E-8	3.5728E+1	3.7653E-1
3.6650E+4	-3.1343E-1	3.4987E-8	3.5684E+1	3.7590E-1
3.6720E+4	-3.1342E-1	3.5189E-8	3.5930E+1	3.7889E-1
3.6791E+4	-3.1342E-1	3.4511E-8	3.5517E+1	3.7432E-1
3.6862E+4	-3.1343E-1	3.5318E-8	3.5712E+1	3.7651E-1
3.6933E+4	-3.1342E-1	3.5878E-8	3.5752E+1	3.7696E-1
3.7003E+4	-3.1342E-1	3.5341E-8	3.5818E+1	3.7776E-1
3.7074E+4	-3.1342E-1	3.5021E-8	3.5649E+1	3.7581E-1
3.7145E+4	-3.1343E-1	3.6332E-8	3.5709E+1	3.7624E-1
3.7216E+4	-3.1343E-1	3.6008E-8	3.5714E+1	3.7643E-1
3.7286E+4	-3.1342E-1	3.6100E-8	3.5536E+1	3.7419E-1
3.7357E+4	-3.1341E-1	3.5289E-8	3.5130E+1	3.6971E-1
3.7428E+4	-3.1343E-1	3.6159E-8	3.5417E+1	3.7295E-1
3.7499E+4	-3.1340E-1	3.6230E-8	3.5210E+1	3.7057E-1
3.7569E+4	-3.1341E-1	3.6516E-8	3.5220E+1	3.7069E-1
3.7640E+4	-3.1341E-1	3.6113E-8	3.5144E+1	3.6999E-1
3.7711E+4	-3.1342E-1	3.6060E-8	3.5551E+1	3.7470E-1
3.7782E+4	-3.1343E-1	3.5663E-8	3.5776E+1	3.7685E-1
3.7852E+4	-3.1343E-1	3.5307E-8	3.5548E+1	3.7436E-1
3.7923E+4	-3.1345E-1	3.5378E-8	3.5494E+1	3.7372E-1
3.7994E+4	-3.1343E-1	3.5929E-8	3.5646E+1	3.7543E-1
3.8065E+4	-3.1343E-1	3.5618E-8	3.5712E+1	3.7633E-1
3.8135E+4	-3.1343E-1	3.6480E-8	3.5492E+1	3.7414E-1
3.8206E+4	-3.1343E-1	3.6135E-8	3.5840E+1	3.7792E-1
3.8277E+4	-3.1344E-1	3.6708E-8	3.5620E+1	3.7528E-1
3.8348E+4	-3.1344E-1	3.7067E-8	3.5681E+1	3.7606E-1
3.8418E+4	-3.1343E-1	3.7058E-8	3.5560E+1	3.7455E-1
3.8489E+4	-3.1344E-1	3.6950E-8	3.5338E+1	3.7222E-1
3.8560E+4	-3.1343E-1	3.7113E-8	3.5529E+1	3.7450E-1
3.8631E+4	-3.1344E-1	3.7029E-8	3.5564E+1	3.7480E-1
3.8701E+4	-3.1344E-1	3.6912E-8	3.5283E+1	3.7171E-1
3.8772E+4	-3.1344E-1	3.7116E-8	3.5733E+1	3.7657E-1
3.8843E+4	-3.1344E-1	3.7258E-8	3.5789E+1	3.7715E-1
3.8914E+4	-3.1344E-1	3.6899E-8	3.5836E+1	3.7773E-1
3.8984E+4	-3.1344E-1	3.7294E-8	3.5615E+1	3.7510E-1
3.9055E+4	-3.1343E-1	3.9203E-8	3.5190E+1	3.7059E-1
3.9126E+4	-3.1344E-1	3.9656E-8	3.5634E+1	3.7564E-1
3.9197E+4	-3.1343E-1	3.8759E-8	3.5434E+1	3.7346E-1
3.9267E+4	-3.1344E-1	3.8832E-8	3.5761E+1	3.7680E-1
3.9338E+4	-3.1344E-1	3.9730E-8	3.5560E+1	3.7443E-1
3.9409E+4	-3.1345E-1	3.9004E-8	3.5778E+1	3.7697E-1
3.9480E+4	-3.1344E-1	3.9311E-8	3.5653E+1	3.7544E-1
3.9550E+4	-3.1343E-1	4.0645E-8	3.4888E+1	3.6723E-1
3.9621E+4	-3.1344E-1	3.9258E-8	3.5443E+1	3.7357E-1
3.9692E+4	-3.1344E-1	3.9125E-8	3.5740E+1	3.7668E-1
3.9763E+4	-3.1345E-1	4.0721E-8	3.5444E+1	3.7323E-1
3.9833E+4	-3.1345E-1	3.9344E-8	3.5418E+1	3.7316E-1
3.9904E+4	-3.1346E-1	3.8700E-8	3.5576E+1	3.7471E-1
3.9975E+4	-3.1346E-1	3.8501E-8	3.5149E+1	3.7023E-1
4.0046E+4	-3.1347E-1	3.8412E-8	3.5754E+1	3.7683E-1
4.0116E+4	-3.1345E-1	3.8829E-8	3.5403E+1	3.7280E-1
4.0187E+4	-3.1347E-1	3.8602E-8	3.5433E+1	3.7343E-1
4.0258E+4	-3.1346E-1	3.9279E-8	3.5604E+1	3.7510E-1
4.0329E+4	-3.1345E-1	3.9494E-8	3.5369E+1	3.7239E-1
4.0399E+4	-3.1346E-1	3.9143E-8	3.5766E+1	3.7695E-1
4.0470E+4	-3.1346E-1	3.9510E-8	3.5898E+1	3.7810E-1
4.0541E+4	-3.1347E-1	4.0852E-8	3.5733E+1	3.7653E-1
4.0612E+4	-3.1347E-1	4.1919E-8	3.5408E+1	3.7303E-1
4.0682E+4	-3.1347E-1	4.1698E-8	3.5632E+1	3.7544E-1
4.0753E+4	-3.1347E-1	4.1411E-8	3.5598E+1	3.7488E-1
4.0824E+4	-3.1346E-1	4.1920E-8	3.5171E+1	3.7024E-1
4.0895E+4	-3.1346E-1	4.3519E-8	3.5802E+1	3.7722E-1
4.0966E+4	-3.1346E-1	4.2722E-8	3.5522E+1	3.7395E-1
4.1036E+4	-3.1345E-1	4.3385E-8	3.5267E+1	3.7125E-1
4.1107E+4	-3.1346E-1	4.5885E-8	3.5461E+1	3.7355E-1
4.1178E+4	-3.1345E-1	4.4831E-8	3.5690E+1	3.7607E-1
4.1249E+4	-3.1346E-1	4.4524E-8	3.5149E+1	3.7011E-1
4.1319E+4	-3.1346E-1	4.5160E-8	3.5158E+1	3.7015E-1
4.1390E+4	-3.1347E-1	4.5331E-8	3.5706E+1	3.7640E-1
4.1461E+4	-3.1348E-1	4.4435E-8	3.5752E+1	3.7675E-1
4.1532E+4	-3.1348E-1	4.4717E-8	3.5498E+1	3.7417E-1
4.1602E+4	-3.1348E-1	4.5606E-8	3.5715E+1	3.7652E-1
4.1673E+4	-3.1346E-1	4.4567E-8	3.5693E+1	3.7619E-1
4.1744E+4	-3.1347E-1	4.4924E-8	3.5701E+1	3.7633E-1
4.1815E+4	-3.1346E-1	4.6075E-8	3.5230E+1	3.7094E-1
4.1885E+4	-3.1346E-1	4.5985E-8	3.5473E+1	3.7390E-1
4.1956E+4	-3.1347E-1	4.5488E-8	3.5792E+1	3.7710E-1
4.2027E+4	-3.1347E-1	4.5886E-8	3.5611E+1	3.7521E-1
4.2098E+4	-3.1347E-1	4.6612E-8	3.5504E+1	3.7419E-1
4.2168E+4	-3.1348E-1	4.5798E-8	3.5560E+1	3.7464E-1
4.2239E+4	-3.1347E-1	4.6117E-8	3.5440E+1	3.7316E-1
4.2310E+4	-3.1347E-1	4.6818E-8	3.5434E+1	3.7322E-1
4.2381E+4	-3.1347E-1	5.0714E-8	3.5938E+1	3.7881E-1
4.2451E+4	-3.1346E-1	4.8233E-8	3.5327E+1	3.7201E-1
4.2522E+4	-3.1347E-1	4.7916E-8	3.5457E+1	3.7367E-1
4.2593E+4	-3.1348E-1	4.8028E-8	3.5690E+1	3.7598E-1
4.2664E+4	-3.1347E-1	4.8894E-8	3.5168E+1	3.7031E-1
4.2734E+4	-3.1347E-1	4.8612E-8	3.5124E+1	3.6983E-1
4.2805E+4	-3.1346E-1	4.8723E-8	3.5427E+1	3.7335E-1
4.2876E+4	-3.1348E-1	4.9030E-8	3.5719E+1	3.7656E-1
4.2947E+4	-3.1347E-1	5.0738E-8	3.5907E+1	3.7855E-1
4.3017E+4	-3.1347E-1	4.9736E-8	3.5620E+1	3.7520E-1
4.3088E+4	-3.1345E-1	5.0175E-8	3.5103E+1	3.6968E-1
4.3159E+4	-3.1346E-1	5.0076E-8	3.5209E+1	3.7085E-1
4.3230E+4	-3.1347E-1	5.0863E-8	3.5622E+1	3.7550E-1
4.3300E+4	-3.1346E-1	5.1842E-8	3.5686E+1	3.7588E-1
4.3371E+4	-3.1346E-1	5.1036E-8	3.5517E+1	3.7401E-1
4.3442E+4	-3.1345E-1	5.1567E-8	3.5350E+1	3.7216E-1
4.3513E+4	-3.1346E-1	5.1595E-8	3.5616E+1	3.7530E-1
4.3583E+4	-3.1346E-1	5.1621E-8	3.5237E+1	3.7099E-1
4.3654E+4	-3.1347E-1	5.1548E-8	3.5659E+1	3.7572E-1
4.3725E+4	-3.1346E-1	5.1463E-8	3.5366E+1	3.7233E-1
4.3796E+4	-3.1346E-1	5.0462E-8	3.5294E+1	3.7168E-1
4.3866E+4	-3.1346E-1	5.1056E-8	3.5893E+1	3.7844E-1
4.3937E+4	-3.1344E-1	5.0328E-8	3.5097E+1	3.6951E-1
4.4008E+4	-3.1344E-1	5.1574E-8	3.5171E+1	3.7047E-1
4.4079E+4	-3.1345E-1	5.1394E-8	3.5679E+1	3.7598E-1
4.4149E+4	-3.1346E-1	5.2095E-8	3.5663E+1	3.7579E-1
4.4220E+4	-3.1345E-1	5.2284E-8	3.5343E+1	3.7209E-1
4.4291E+4	-3.1345E-1	5.2619E-8	3.5666E+1	3.7586E-1
4.4362E+4	-3.1346E-1	5.2138E-8	3.6087E+1	3.8054E-1
4.4432E+4	-3.1345E-1	5.4441E-8	3.5574E+1	3.7457E-1
4.4503E+4	-3.1345E-1	5.3713E-8	3.5367E+1	3.7247E-1
4.4574E+4	-3.1345E-1	5.3625E-8	3.5448E+1	3.7332E-1
4.4645E+4	-3.1346E-1	5.4463E-8	3.5736E+1	3.7664E-1
4.4715E+4	-3.1346E-1	5.5327E-8	3.5900E+1	3.7826E-1
4.4786E+4	-3.1345E-1	5.4972E-8	3.5713E+1	3.7629E-1
4.4857E+4	-3.1345E-1	5.5103E-8	3.5305E+1	3.7160E-1
4.4928E+4	-3.1346E-1	5.5414E-8	3.5418E+1	3.7319E-1
4.4998E+4	-3.1346E-1	5.5800E-8	3.5685E+1	3.7590E-1
4.5069E+4	-3.1346E-1	5.7523E-8	3.5297E+1	3.7164E-1
4.5140E+4	-3.1347E-1	5.7369E-8	3.5764E+1	3.7682E-1
4.5211E+4	-3.1346E-1	5.6640E-8	3.5638E+1	3.7554E-1
4.5281E+4	-3.1347E-1	5.7415E-8	3.5692E+1	3.7599E-1
4.5352E+4	-3.1345E-1	5.7214E-8	3.5354E+1	3.7231E-1
4.5423E+4	-3.1346E-1	5.7640E-8	3.5414E+1	3.7345E-1
4.5494E+4	-3.1346E-1	5.8709E-8	3.5267E+1	3.7150E-1
4.5564E+4	-3.1345E-1	5.8589E-8	3.5761E+1	3.7692E-1
4.5635E+4	-3.1347E-1	5.7587E-8	3.6082E+1	3.8028E-1
4.5706E+4	-3.1346E-1	5.9163E-8	3.5694E+1	3.7617E-1
4.5777E+4	-3.1346E-1	6.1114E-8	3.5585E+1	3.7473E-1
4.5847E+4	-3.1346E-1	6.0706E-8	3.5952E+1	3.7887E-1
4.5918E+4	-3.1347E-1	6.0068E-8	3.5752E+1	3.7674E-1
4.5989E+4	-3.1347E-1	6.0073E-8	3.5681E+1	3.7592E-1
4.6060E+4	-3.1345E-1	6.0308E-8	3.5190E+1	3.7067E-1
4.6130E+4	-3.1346E-1	6.0629E-8	3.5463E+1	3.7338E-1
4.6201E+4	-3.1346E-1	6.1577E-8	3.5330E+1	3.7195E-1
4.6272E+4	-3.1347E-1	6.1216E-8	3.5561E+1	3.7457E-1
4.6343E+4	-3.1346E-1	6.1818E-8	3.5822E+1	3.7760E-1
4.6413E+4	-3.1346E-1	6.1827E-8	3.5214E+1	3.7068E-1
4.6484E+4	-3.1348E-1	6.2638E-8	3.5698E+1	3.7619E-1
4.6555E+4	-3.1347E-1	6.1792E-8	3.5696E+1	3.7624E-1
4.6626E+4	-3.1347E-1	6.2264E-8	3.5730E+1	3.7639E-1
4.6696E+4	-3.1346E-1	6.2863E-8	3.5684E+1	3.7604E-1
4.6767E+4	-3.1347E-1	6.3062E-8	3.5613E+1	3.7513E-1
4.6838E+4	-3.1347E-1	6.2544E-8	3.5493E+1	3.7368E-1
4.6909E+4	-3.1346E-1	6.2011E-8	3.5169E+1	3.7007E-1
4.6979E+4	-3.1346E-1	6.2445E-8	3.5109E+1	3.6973E-1
4.7050E+4	-3.1347E-1	6.2761E-8	3.5175E+1	3.7052E-1
4.7121E+4	-3.1347E-1	6.3386E-8	3.5553E+1	3.7463E-1
4.7192E+4	-3.1347E-1	6.4472E-8	3.5672E+1	3.7584E-1
4.7262E+4	-3.1346E-1	6.4334E-8	3.5617E+1	3.7533E-1
4.7333E+4	-3.1346E-1	6.3868E-8	3.5981E+1	3.7915E-1
4.7404E+4	-3.1347E-1	6.4095E-8	3.5385E+1	3.7264E-1
4.7475E+4	-3.1346E-1	6.4438E-8	3.5657E+1	3.7582E-1
4.7545E+4	-3.1345E-1	6.4986E-8	3.5666E+1	3.7570E-1
4.7616E+4	-3.1347E-1	6.4679E-8	3.5737E+1	3.7659E-1
4.7687E+4	-3.1347E-1	6.4759E-8	3.5844E+1	3.7780E-1
4.7758E+4	-3.1346E-1	6.3513E-8	3.5751E+1	3.7669E-1
4.7828E+4	-3.1346E-1	6.4835E-8	3.5772E+1	3.7692E-1
4.7899E+4	-3.1347E-1	6.4795E-8	3.5650E+1	3.7559E-1
4.7970E+4	-3.1346E-1	6.4397E-8	3.5089E+1	3.6957E-1
4.8041E+4	-3.1346E-1	6.3727E-8	3.5384E+1	3.7277E-1
4.8111E+4	-3.1347E-1	6.6020E-8	3.5405E+1	3.7305E-1
4.8182E+4	-3.1348E-1	6.5000E-8	3.5791E+1	3.7716E-1
4.8253E+4	-3.1347E-1	6.4800E-8	3.5495E+1	3.7401E-1
4.8324E+4	-3.1346E-1	6.5582E-8	3.5687E+1	3.7587E-1
4.8394E+4	-3.1345E-1	6.4632E-8	3.5192E+1	3.7036E-1
4.8465E+4	-3.1347E-1	6.4868E-8	3.5578E+1	3.7457E-1
4.8536E+4	-3.1347E-1	6.4367E-8	3.5579E+1	3.7471E-1
4.8607E+4	-3.1347E-1	6.4324E-8	3.5187E+1	3.7069E-1
4.8677E+4	-3.1347E-1	6.4330E-8	3.5648E+1	3.7583E-1
4.8748E+4	-3.1347E-1	6.4791E-8	3.5666E+1	3.7591E-1
4.8819E+4	-3.1347E-1	6.5365E-8	3.5832E+1	3.7741E-1
4.8890E+4	-3.1348E-1	6.5702E-8	3.5753E+1	3.7683E-1
4.8960E+4	-3.1344E-1	6.6913E-8	3.5657E+1	3.7577E-1
4.9031E+4	-3.1349E-1	6.7706E-8	3.5714E+1	3.7637E-1
4.9102E+4	-3.1347E-1	6.7113E-8	3.5381E+1	3.7251E-1
4.9173E+4	-3.1348E-1	6.7032E-8	3.5280E+1	3.7196E-1
4.9243E+4	-3.1349E-1	6.6984E-8	3.5708E+1	3.7652E-1
4.9314E+4	-3.1349E-1	6.7762E-8	3.5495E+1	3.7406E-1
4.9385E+4	-3.1349E-1	6.7486E-8	3.5723E+1	3.7663E-1
4.9456E+4	-3.1349E-1	6.7740E-8	3.5706E+1	3.7630E-1
4.9526E+4	-3.1349E-1	6.6760E-8	3.5217E+1	3.7098E-1
4.9597E+4	-3.1348E-1	6.6646E-8	3.5161E+1	3.7019E-1
4.9668E+4	-3.1349E-1	6.6883E-8	3.5290E+1	3.7187E-1
4.9739E+4	-3.1349E-1	6.8684E-8	3.5816E+1	3.7742E-1
4.9809E+4	-3.1349E-1	6.7286E-8	3.5898E+1	3.7823E-1
4.9880E+4	-3.1348E-1	6.7388E-8	3.5697E+1	3.7614E-1
4.9951E+4	-3.1349E-1	6.7758E-8	3.5664E+1	3.7572E-1
5.0022E+4	-3.1349E-1	6.8030E-8	3.5735E+1	3.7653E-1
5.0092E+4	-3.1348E-1	6.8821E-8	3.5732E+1	3.7655E-1
5.0163E+4	-3.1347E-1	6.7941E-8	3.5447E+1	3.7320E-1
5.0234E+4	-3.1347E-1	6.7565E-8	3.5389E+1	3.7298E-1
5.0305E+4	-3.1348E-1	6.7715E-8	3.5822E+1	3.7765E-1
5.0375E+4	-3.1348E-1	6.7629E-8	3.5951E+1	3.7892E-1
5.0446E+4	-3.1348E-1	6.8363E-8	3.5469E+1	3.7372E-1
5.0517E+4	-3.1347E-1	6.8079E-8	3.5713E+1	3.7630E-1
5.0588E+4	-3.1346E-1	6.7021E-8	3.5587E+1	3.7504E-1
5.0658E+4	-3.1347E-1	6.8269E-8	3.5752E+1	3.7672E-1
5.0729E+4	-3.1347E-1	6.8575E-8	3.5794E+1	3.7709E-1
5.0800E+4	-3.1345E-1	6.7725E-8	3.5675E+1	3.7575E-1
5.0871E+4	-3.1347E-1	6.7913E-8	3.5728E+1	3.7635E-1
5.0941E+4	-3.1345E-1	6.7749E-8	3.5661E+1	3.7533E-1
5.1012E+4	-3.1347E-1	6.8916E-8	3.5739E+1	3.7657E-1
5.1083E+4	-3.1345E-1	7.0367E-8	3.5586E+1	3.7500E-1
5.1154E+4	-3.1347E-1	6.8700E-8	3.5722E+1	3.7636E-1
5.1224E+4	-3.1346E-1	6.9696E-8	3.5846E+1	3.7776E-1
5.1295E+4	-3.1347E-1	7.0035E-8	3.6061E+1	3.8008E-1
5.1366E+4	-3.1347E-1	6.8378E-8	3.5631E+1	3.7526E-1
5.1437E+4	-3.1345E-1	6.9373E-8	3.5416E+1	3.7306E-1
5.1507E+4	-3.1347E-1	6.8072E-8	3.5503E+1	3.7447E-1
5.1578E+4	-3.1346E-1	6.8282E-8	3.5787E+1	3.7721E-1
5.1649E+4	-3.1346E-1	6.9353E-8	3.5635E+1	3.7552E-1
5.1720E+4	-3.1346E-1	6.9289E-8	3.5609E+1	3.7525E-1
5.1790E+4	-3.1347E-1	6.9658E-8	3.5917E+1	3.7855E-1
5.1861E+4	-3.1346E-1	7.1568E-8	3.5758E+1	3.7671E-1
5.1932E+4	-3.1346E-1	7.1750E-8	3.5639E+1	3.7556E-1
5.2003E+4	-3.1345E-1	7.2052E-8	3.5501E+1	3.7395E-1
5.2073E+4	-3.1345E-1	6.9600E-8	3.5468E+1	3.7369E-1
5.2144E+4	-3.1345E-1	6.8752E-8	3.5668E+1	3.7587E-1
5.2215E+4	-3.1346E-1	6.9866E-8	3.5954E+1	3.7906E-1
5.2286E+4	-3.1344E-1	7.0710E-8	3.5817E+1	3.7737E-1
5.2356E+4	-3.1344E-1	6.9483E-8	3.5860E+1	3.7810E-1
5.2427E+4	-3.1344E-1	6.9402E-8	3.5563E+1	3.7469E-1
5.2498E+4	-3.1346E-1	6.9979E-8	3.5544E+1	3.7442E-1
5.2569E+4	-3.1344E-1	6.9600E-8	3.5360E+1	3.7247E-1
5.2639E+4	-3.1345E-1	6.9998E-8	3.5129E+1	3.7014E-1
5.2710E+4	-3.1346E-1	7.0728E-8	3.5782E+1	3.7737E-1
5.2781E+4	-3.1345E-1	6.9489E-8	3.5792E+1	3.7731E-1
5.2852E+4	-3.1346E-1	6.9559E-8	3.5776E+1	3.7702E-1
5.2922E+4	-3.1345E-1	7.0061E-8	3.5432E+1	3.7313E-1
5.2993E+4	-3.1346E-1	6.9483E-8	3.5544E+1	3.7435E-1
5.3064E+4	-3.1345E-1	6.9760E-8	3.5407E+1	3.7321E-1
5.3135E+4	-3.1343E-1	7.1189E-8	3.5183E+1	3.7057E-1
5.3205E+4	-3.1344E-1	7.0114E-8	3.5599E+1	3.7527E-1
5.3276E+4	-3.1344E-1	7.1120E-8	3.6030E+1	3.7997E-1
5.3347E+4	-3.1344E-1	7.1646E-8	3.5697E+1	3.7639E-1
5.3418E+4	-3.1344E-1	7.1284E-8	3.5540E+1	3.7435E-1
5.3488E+4	-3.1343E-1	7.1753E-8	3.5203E+1	3.7063E-1
5.3559E+4	-3.1343E-1	7.1679E-8	3.5378E+1	3.7296E-1
5.3630E+4	-3.1344E-1	7.0471E-8	3.5629E+1	3.7552E-1
5.3701E+4	-3.1345E-1	7.0516E-8	3.5906E+1	3.7861E-1
5.3771E+4	-3.1345E-1	7.0734E-8	3.5542E+1	3.7434E-1
5.3842E+4	-3.1342E-1	7.0418E-8	3.5133E+1	3.7018E-1
5.3913E+4	-3.1344E-1	7.0646E-8	3.5714E+1	3.7648E-1
5.3984E+4	-3.1343E-1	7.0266E-8	3.5580E+1	3.7485E-1
5.4054E+4	-3.1343E-1	6.9783E-8	3.5404E+1	3.7323E-1
5.4125E+4	-3.1345E-1	7.1234E-8	3.5288E+1	3.7217E-1
5.4196E+4	-3.1346E-1	7.0297E-8	3.5950E+1	3.7911E-1
5.4267E+4	-3.1345E-1	7.0436E-8	3.6026E+1	3.7983E-1
5.4337E+4	-3.1344E-1	7.0328E-8	3.5764E+1	3.7717E-1
5.4408E+4	-3.1343E-1	6.9989E-8	3.5546E+1	3.7484E-1
5.4479E+4	-3.1343E-1	7.0587E-8	3.5778E+1	3.7733E-1
5.4550E+4	-3.1344E-1	7.0066E-8	3.5698E+1	3.7614E-1
5.4621E+4	-3.1343E-1	7.0431E-8	3.5342E+1	3.7236E-1
5.4691E+4	-3.1343E-1	6.9886E-8	3.5297E+1	3.7194E-1
5.4762E+4	-3.1343E-1	7.0129E-8	3.5215E+1	3.7111E-1
5.4833E+4	-3.1344E-1	7.1787E-8	3.5749E+1	3.7712E-1
5.4904E+4	-3.1344E-1	7.2864E-8	3.5762E+1	3.7725E-1
5.4974E+4	-3.1343E-1	7.1516E-8	3.5689E+1	3.7610E-1
5.5045E+4	-3.1344E-1	7.1596E-8	3.5811E+1	3.7771E-1
5.5116E+4	-3.1343E-1	7.1655E-8	3.5788E+1	3.7754E-1
5.5187E+4	-3.1343E-1	7.1834E-8	3.5867E+1	3.7812E-1
5.5257E+4	-3.1344E-1	7.2199E-8	3.5516E+1	3.7445E-1
5.5328E+4	-3.1343E-1	7.1737E-8	3.5456E+1	3.7384E-1
5.5399E+4	-3.1344E-1	7.0886E-8	3.5481E+1	3.7408E-1
5.5470E+4	-3.1343E-1	7.0886E-8	3.5305E+1	3.7221E-1
5.5540E+4	-3.1346E-1	7.1268E-8	3.5506E+1	3.7449E-1
5.5611E+4	-3.1343E-1	7.1287E-8	3.5392E+1	3.7285E-1
5.5682E+4	-3.1343E-1	7.0006E-8	3.5399E+1	3.7328E-1
5.5753E+4	-3.1344E-1	7.1069E-8	3.5224E+1	3.7118E-1
5.5823E+4	-3.1343E-1	7.0888E-8	3.5229E+1	3.7133E-1
5.5894E+4	-3.1343E-1	7.0502E-8	3.5481E+1	3.7422E-1
5.5965E+4	-3.1346E-1	7.0797E-8	3.5576E+1	3.7527E-1
5.6036E+4	-3.1347E-1	7.1195E-8	3.5758E+1	3.7741E-1
5.6106E+4	-3.1345E-1	7.1477E-8	3.5706E+1	3.7652E-1
5.6177E+4	-3.1345E-1	7.2212E-8	3.5845E+1	3.7810E-1
5.6248E+4	-3.1346E-1	7.2788E-8	3.5735E+1	3.7674E-1
5.6319E+4	-3.1346E-1	7.2347E-8	3.5763E+1	3.7695E-1
5.6389E+4	-3.1344E-1	7.1933E-8	3.5649E+1	3.7585E-1
5.6460E+4	-3.1346E-1	7.1297E-8	3.5902E+1	3.7847E-1
5.6531E+4	-3.1345E-1	7.2349E-8	3.5675E+1	3.7599E-1
5.6602E+4	-3.1345E-1	7.1735E-8	3.5776E+1	3.7731E-1
5.6672E+4	-3.1345E-1	7.1942E-8	3.5869E+1	3.7831E-1
5.6743E+4	-3.1345E-1	7.3357E-8	3.5773E+1	3.7737E-1
5.6814E+4	-3.1346E-1	7.2332E-8	3.5821E+1	3.7764E-1
5.6885E+4	-3.1345E-1	7.3661E-8	3.5440E+1	3.7351E-1
5.6955E+4	-3.1345E-1	7.2626E-8	3.5781E+1	3.7736E-1
5.7026E+4	-3.1345E-1	7.3427E-8	3.5712E+1	3.7675E-1
5.7097E+4	-3.1344E-1	7.2621E-8	3.5732E+1	3.7691E-1
5.7168E+4	-3.1344E-1	7.3480E-8	3.5767E+1	3.7713E-1
5.7238E+4	-3.1345E-1	7.3244E-8	3.5771E+1	3.7740E-1
5.7309E+4	-3.1345E-1	7.4077E-8	3.5526E+1	3.7479E-1
5.7380E+4	-3.1344E-1	7.3408E-8	3.5412E+1	3.7345E-1
5.7451E+4	-3.1345E-1	7.3960E-8	3.5299E+1	3.7224E-1
5.7521E+4	-3.1345E-1	7.3847E-8	3.5281E+1	3.7202E-1
5.7592E+4	-3.1345E-1	7.3680E-8	3.5253E+1	3.7166E-1
5.7663E+4	-3.1345E-1	7.3586E-8	3.5399E+1	3.7343E-1
5.7734E+4	-3.1344E-1	7.3034E-8	3.5088E+1	3.6999E-1
5.7804E+4	-3.1344E-1	7.4253E-8	3.5595E+1	3.7561E-1
5.7875E+4	-3.1345E-1	7.3760E-8	3.5738E+1	3.7694E-1
5.7946E+4	-3.1346E-1	7.4489E-8	3.5692E+1	3.7632E-1
5.8017E+4	-3.1345E-1	7.4340E-8	3.5572E+1	3.7504E-1
5.8087E+4	-3.1345E-1	7.3576E-8	3.5845E+1	3.7813E-1
5.8158E+4	-3.1344E-1	7.3659E-8	3.5958E+1	3.7951E-1
5.8229E+4	-3.1344E-1	7.4735E-8	3.5419E+1	3.7364E-1
5.8300E+4	-3.1344E-1	7.4733E-8	3.5683E+1	3.7652E-1
5.8370E+4	-3.1345E-1	7.4339E-8	3.5577E+1	3.7540E-1
5.8441E+4	-3.1344E-1	7.3981E-8	3.5659E+1	3.7625E-1
5.8512E+4	-3.1344E-1	7.3448E-8	3.5519E+1	3.7451E-1
5.8583E+4	-3.1343E-1	7.4293E-8	3.5304E+1	3.7210E-1
5.8653E+4	-3.1350E-1	7.4661E-8	3.6424E+1	3.8454E-1
5.8724E+4	-3.1352E-1	7.5237E-8	3.6274E+1	3.8295E-1
5.8795E+4	-3.1353E-1	7.5863E-8	3.6153E+1	3.8119E-1
5.8866E+4	-3.1352E-1	7.4957E-8	3.6225E+1	3.8209E-1
5.8936E+4	-3.1351E-1	7.4036E-8	3.5731E+1	3.7653E-1
5.9007E+4	-3.1351E-1	7.4316E-8	3.5839E+1	3.7764E-1
5.9078E+4	-3.1350E-1	7.4011E-8	3.6034E+1	3.7987E-1
5.9149E+4	-3.1350E-1	7.3167E-8	3.5866E+1	3.7798E-1
5.9219E+4	-3.1349E-1	7.3760E-8	3.5771E+1	3.7692E-1
5.9290E+4	-3.1350E-1	7.3878E-8	3.6085E+1	3.8041E-1
5.9361E+4	-3.1350E-1	7.3936E-8	3.6068E+1	3.8047E-1
5.9432E+4	-3.1348E-1	7.3318E-8	3.5883E+1	3.7813E-1
5.9502E+4	-3.1350E-1	7.3476E-8	3.6213E+1	3.8175E-1
5.9573E+4	-3.1349E-1	7.3645E-8	3.5991E+1	3.7937E-1
5.9644E+4	-3.1349E-1	7.5157E-8	3.6332E+1	3.8288E-1
5.9715E+4	-3.1347E-1	7.6507E-8	3.6028E+1	3.7987E-1
5.9785E+4	-3.1349E-1	7.4916E-8	3.6286E+1	3.8232E-1
5.9856E+4	-3.1349E-1	7.5429E-8	3.6077E+1	3.8029E-1
5.9927E+4	-3.1347E-1	7.5446E-8	3.6028E+1	3.7963E-1
5.9998E+4	-3.1346E-1	7.5290E-8	3.5861E+1	3.7777E-1
6.0068E+4	-3.1347E-1	7.5116E-8	3.6464E+1	3.8456E-1
6.0139E+4	-3.1346E-1	7.4865E-8	3.6241E+1	3.8203E-1
6.0210E+4	-3.1346E-1	7.4923E-8	3.6479E+1	3.8473E-1
6.0281E+4	-3.1347E-1	7.5233E-8	3.6009E+1	3.7935E-1
6.0351E+4	-3.1347E-1	7.5876E-8	3.6405E+1	3.8372E-1
6.0422E+4	-3.1346E-1	7.6761E-8	3.6360E+1	3.8354E-1
6.0493E+4	-3.1345E-1	7.5622E-8	3.5839E+1	3.7758E-1
6.0564E+4	-3.1347E-1	7.6244E-8	3.6570E+1	3.8573E-1
6.0634E+4	-3.1344E-1	7.5295E-8	3.6235E+1	3.8197E-1
6.0705E+4	-3.1345E-1	7.6002E-8	3.6387E+1	3.8348E-1
6.0776E+4	-3.1345E-1	7.5606E-8	3.6130E+1	3.8078E-1
6.0847E+4	-3.1345E-1	7.5379E-8	3.5960E+1	3.7913E-1
6.0917E+4	-3.1344E-1	7.5266E-8	3.5918E+1	3.7849E-1
6.0988E+4	-3.1346E-1	7.5398E-8	3.6389E+1	3.8369E-1
6.1059E+4	-3.1346E-1	7.6014E-8	3.6552E+1	3.8576E-1
6.1130E+4	-3.1346E-1	7.6116E-8	3.6374E+1	3.8384E-1
6.1200E+4	-3.1343E-1	7.6607E-8	3.6244E+1	3.8215E-1
6.1271E+4	-3.1343E-1	7.6722E-8	3.5971E+1	3.7894E-1
6.1342E+4	-3.1342E-1	7.6825E-8	3.5398E+1	3.7261E-1
6.1413E+4	-3.1341E-1	7.6731E-8	3.5622E+1	3.7536E-1
6.1483E+4	-3.1343E-1	7.6842E-8	3.5828E+1	3.7751E-1
6.1554E+4	-3.1345E-1	7.6871E-8	3.5971E+1	3.7922E-1
6.1625E+4	-3.1344E-1	7.6232E-8	3.5787E+1	3.7684E-1
6.1696E+4	-3.1343E-1	7.6130E-8	3.5819E+1	3.7741E-1
6.1766E+4	-3.1343E-1	7.5386E-8	3.5426E+1	3.7314E-1
6.1837E+4	-3.1344E-1	7.5827E-8	3.5229E+1	3.7114E-1
6.1908E+4	-3.1344E-1	7.5600E-8	3.5702E+1	3.7640E-1
6.1979E+4	-3.1343E-1	7.6318E-8	3.5699E+1	3.7618E-1
6.2049E+4	-3.1343E-1	7.6236E-8	3.5829E+1	3.7760E-1
6.2120E+4	-3.1342E-1	7.6778E-8	3.5531E+1	3.7416E-1
6.2191E+4	-3.1342E-1	7.6359E-8	3.5118E+1	3.6990E-1
6.2262E+4	-3.1343E-1	7.6999E-8	3.5484E+1	3.7402E-1
6.2332E+4	-3.1343E-1	7.5536E-8	3.5481E+1	3.7404E-1
6.2403E+4	-3.1343E-1	7.4973E-8	3.5758E+1	3.7701E-1
6.2474E+4	-3.1344E-1	7.5673E-8	3.5746E+1	3.7679E-1
6.2545E+4	-3.1343E-1	7.5348E-8	3.5465E+1	3.7367E-1
6.2615E+4	-3.1345E-1	7.6119E-8	3.5454E+1	3.7371E-1
6.2686E+4	-3.1344E-1	7.5496E-8	3.5307E+1	3.7208E-1
6.2757E+4	-3.1345E-1	7.6369E-8	3.5782E+1	3.7735E-1
6.2828E+4	-3.1344E-1	7.5835E-8	3.5754E+1	3.7717E-1
6.2898E+4	-3.1344E-1	7.5937E-8	3.5827E+1	3.7785E-1
6.2969E+4	-3.1343E-1	7.6598E-8	3.5774E+1	3.7720E-1
6.3040E+4	-3.1344E-1	7.5733E-8	3.6146E+1	3.8146E-1
6.3111E+4	-3.1344E-1	7.5145E-8	3.5793E+1	3.7747E-1
6.3181E+4	-3.1345E-1	7.5540E-8	3.6014E+1	3.7979E-1
6.3252E+4	-3.1345E-1	7.6097E-8	3.6295E+1	3.8291E-1
6.3323E+4	-3.1345E-1	7.6070E-8	3.6539E+1	3.8587E-1
6.3394E+4	-3.1344E-1	7.5824E-8	3.6353E+1	3.8389E-1
6.3464E+4	-3.1343E-1	7.6117E-8	3.5946E+1	3.7926E-1
6.3535E+4	-3.1343E-1	7.8039E-8	3.6389E+1	3.8400E-1
6.3606E+4	-3.1340E-1	7.8793E-8	3.6121E+1	3.8129E-1
6.3677E+4	-3.1340E-1	7.7842E-8	3.6086E+1	3.8092E-1
6.3747E+4	-3.1340E-1	7.7124E-8	3.5924E+1	3.7925E-1
6.3818E+4	-3.1341E-1	7.8347E-8	3.6345E+1	3.8379E-1
6.3889E+4	-3.1341E-1	7.7135E-8	3.5897E+1	3.7857E-1
6.3960E+4	-3.1341E-1	7.6758E-8	3.6066E+1	3.8081E-1
6.4030E+4	-3.1342E-1	7.7384E-8	3.6203E+1	3.8243E-1
6.4101E+4	-3.1341E-1	7.7198E-8	3.5441E+1	3.7342E-1
6.4172E+4	-3.1341E-1	7.6879E-8	3.5256E+1	3.7154E-1
6.4243E+4	-3.1340E-1	7.8534E-8	3.5146E+1	3.7031E-1
6.4313E+4	-3.1339E-1	7.7729E-8	3.5308E+1	3.7240E-1
6.4384E+4	-3.1342E-1	7.8947E-8	3.5775E+1	3.7744E-1
6.4455E+4	-3.1341E-1	7.8441E-8	3.5792E+1	3.7779E-1
6.4526E+4	-3.1341E-1	7.7504E-8	3.5592E+1	3.7536E-1
6.4596E+4	-3.1342E-1	7.7256E-8	3.6472E+1	3.8492E-1
6.4667E+4	-3.1342E-1	7.6673E-8	3.6652E+1	3.8731E-1
6.4738E+4	-3.1343E-1	7.7191E-8	3.6212E+1	3.8248E-1
6.4809E+4	-3.1342E-1	7.7808E-8	3.5815E+1	3.7816E-1
6.4879E+4	-3.1344E-1	7.7807E-8	3.6192E+1	3.8212E-1
6.4950E+4	-3.1342E-1	7.7565E-8	3.5657E+1	3.7599E-1
6.5021E+4	-3.1343E-1	7.8717E-8	3.6399E+1	3.8461E-1
6.5092E+4	-3.1343E-1	7.8483E-8	3.6222E+1	3.8237E-1
6.5162E+4	-3.1343E-1	7.7742E-8	3.6095E+1	3.8125E-1
6.5233E+4	-3.1343E-1	8.0343E-8	3.5521E+1	3.7458E-1
6.5304E+4	-3.1341E-1	7.7892E-8	3.5214E+1	3.7126E-1
6.5375E+4	-3.1343E-1	7.7608E-8	3.6388E+1	3.8436E-1
6.5445E+4	-3.1344E-1	7.8353E-8	3.6414E+1	3.8443E-1
6.5516E+4	-3.1343E-1	7.7599E-8	3.6534E+1	3.8608E-1
6.5587E+4	-3.1342E-1	7.7773E-8	3.5959E+1	3.7947E-1
6.5658E+4	-3.1343E-1	7.7768E-8	3.6317E+1	3.8346E-1
6.5728E+4	-3.1343E-1	7.8098E-8	3.6322E+1	3.8348E-1
6.5799E+4	-3.1342E-1	7.8647E-8	3.5816E+1	3.7815E-1
6.5870E+4	-3.1342E-1	8.0176E-8	3.6267E+1	3.8300E-1
6.5941E+4	-3.1341E-1	7.8254E-8	3.6070E+1	3.8085E-1
6.6011E+4	-3.1340E-1	7.9596E-8	3.5976E+1	3.8003E-1
6.6082E+4	-3.1339E-1	7.9697E-8	3.5836E+1	3.7813E-1
6.6153E+4	-3.1340E-1	7.8533E-8	3.5776E+1	3.7764E-1
6.6224E+4	-3.1338E-1	7.9058E-8	3.5317E+1	3.7245E-1
6.6294E+4	-3.1342E-1	8.1407E-8	3.6353E+1	3.8386E-1
6.6365E+4	-3.1341E-1	7.8745E-8	3.5789E+1	3.7766E-1
6.6436E+4	-3.1340E-1	7.9795E-8	3.6282E+1	3.8330E-1
6.6507E+4	-3.1341E-1	8.0238E-8	3.6304E+1	3.8321E-1
6.6577E+4	-3.1342E-1	7.9728E-8	3.6238E+1	3.8264E-1
6.6648E+4	-3.1343E-1	7.8727E-8	3.6362E+1	3.8393E-1
6.6719E+4	-3.1341E-1	7.9085E-8	3.6046E+1	3.8072E-1
6.6790E+4	-3.1343E-1	7.9078E-8	3.6427E+1	3.8480E-1
6.6860E+4	-3.1343E-1	7.8787E-8	3.6384E+1	3.8444E-1
6.6931E+4	-3.1342E-1	7.9569E-8	3.6297E+1	3.8346E-1
6.7002E+4	-3.1343E-1	8.0191E-8	3.6287E+1	3.8315E-1
6.7073E+4	-3.1343E-1	8.1174E-8	3.6105E+1	3.8105E-1
6.7143E+4	-3.1343E-1	7.9266E-8	3.6161E+1	3.8177E-1
6.7214E+4	-3.1343E-1	7.9538E-8	3.6286E+1	3.8316E-1
6.7285E+4	-3.1342E-1	7.9506E-8	3.6094E+1	3.8095E-1
6.7356E+4	-3.1344E-1	7.9876E-8	3.6340E+1	3.8388E-1
6.7426E+4	-3.1345E-1	8.0099E-8	3.6252E+1	3.8290E-1
6.7497E+4	-3.1344E-1	8.0418E-8	3.5882E+1	3.7863E-1
6.7568E+4	-3.1344E-1	8.0235E-8	3.6603E+1	3.8690E-1
6.7639E+4	-3.1345E-1	8.0653E-8	3.5859E+1	3.7846E-1
6.7709E+4	-3.1344E-1	8.0170E-8	3.6541E+1	3.8618E-1
6.7780E+4	-3.1346E-1	7.9982E-8	3.6060E+1	3.8074E-1
6.7851E+4	-3.1345E-1	8.0450E-8	3.6146E+1	3.8188E-1
6.7922E+4	-3.1345E-1	8.1213E-8	3.5881E+1	3.7869E-1
6.7993E+4	-3.1346E-1	8.1966E-8	3.5934E+1	3.7928E-1
6.8063E+4	-3.1344E-1	8.1922E-8	3.5247E+1	3.7193E-1
6.8134E+4	-3.1345E-1	8.3246E-8	3.6373E+1	3.8419E-1
6.8205E+4	-3.1345E-1	8.3683E-8	3.6342E+1	3.8387E-1
6.8276E+4	-3.1344E-1	8.3593E-8	3.5841E+1	3.7842E-1
6.8346E+4	-3.1345E-1	8.2324E-8	3.6422E+1	3.8476E-1
6.8417E+4	-3.1344E-1	8.2916E-8	3.5866E+1	3.7839E-1
6.8488E+4	-3.1345E-1	8.3027E-8	3.6480E+1	3.8525E-1
6.8559E+4	-3.1343E-1	8.4081E-8	3.6013E+1	3.8002E-1
6.8629E+4	-3.1344E-1	8.3134E-8	3.6577E+1	3.8647E-1
6.8700E+4	-3.1345E-1	8.6126E-8	3.6137E+1	3.8181E-1
6.8771E+4	-3.1345E-1	8.3174E-8	3.5754E+1	3.7750E-1
6.8842E+4	-3.1345E-1	8.3319E-8	3.6315E+1	3.8335E-1
6.8912E+4	-3.1342E-1	8.4444E-8	3.6336E+1	3.8382E-1
6.8983E+4	-3.1344E-1	8.3730E-8	3.5799E+1	3.7770E-1
6.9054E+4	-3.1342E-1	8.3929E-8	3.5674E+1	3.7630E-1
6.9125E+4	-3.1343E-1	8.4077E-8	3.5745E+1	3.7721E-1
6.9195E+4	-3.1344E-1	8.4594E-8	3.5775E+1	3.7764E-1
6.9266E+4	-3.1343E-1	8.5167E-8	3.5231E+1	3.7140E-1
6.9337E+4	-3.1344E-1	8.4921E-8	3.5787E+1	3.7779E-1
6.9408E+4	-3.1346E-1	8.5011E-8	3.5762E+1	3.7748E-1
6.9478E+4	-3.1344E-1	8.4713E-8	3.5857E+1	3.7868E-1
6.9549E+4	-3.1343E-1	8.3894E-8	3.5816E+1	3.7800E-1
6.9620E+4	-3.1344E-1	8.3942E-8	3.5584E+1	3.7574E-1
6.9691E+4	-3.1341E-1	8.3835E-8	3.5173E+1	3.7116E-1
6.9761E+4	-3.1345E-1	8.4732E-8	3.6300E+1	3.8355E-1
6.9832E+4	-3.1345E-1	8.5104E-8	3.5978E+1	3.7982E-1
6.9903E+4	-3.1344E-1	8.3260E-8	3.5937E+1	3.7943E-1
6.9974E+4	-3.1343E-1	8.3683E-8	3.6492E+1	3.8586E-1
7.0044E+4	-3.1342E-1	8.3439E-8	3.5686E+1	3.7655E-1
7.0115E+4	-3.1343E-1	8.3293E-8	3.6269E+1	3.8322E-1
7.0186E+4	-3.1342E-1	8.4323E-8	3.6094E+1	3.8123E-1
7.0257E+4	-3.1343E-1	8.3714E-8	3.6147E+1	3.8164E-1
7.0327E+4	-3.1343E-1	8.3665E-8	3.6220E+1	3.8254E-1
7.0398E+4	-3.1343E-1	8.2915E-8	3.6216E+1	3.8268E-1
7.0469E+4	-3.1342E-1	8.3251E-8	3.6168E+1	3.8194E-1
7.0540E+4	-3.1343E-1	8.3225E-8	3.6127E+1	3.8165E-1
7.0610E+4	-3.1342E-1	8.3031E-8	3.6298E+1	3.8366E-1
7.0681E+4	-3.1344E-1	8.3746E-8	3.6639E+1	3.8720E-1
